F41,F40,F43,F42,F45,F44,F140,F47,F141,F46,F142,F49,F143,F48,F126,F127,F128,F129,F50,F52,F51,F36,F130,F35,F131,F38,F132,F37,F133,F134,F39,F135,F136,F137,F138,F139,
0,0.0,0,0,0,0,119320,232041,427877,0.0,155525,119320,0.08339085374986203,76516,0,0,0,0,427877,0.08339085374986203,155525,0,0,0,0.0,0,0,0,0,0,0,0,0,0.0,232041,76516,
2523,0.07699143718128525,2409,1144,1379,6076,119320,232041,427877,0.07554230857855089,155525,119320,0.08339085374986203,76516,161,68,178,407,427877,0.08339085374986203,155525,68,93,161,0.07699143718128525,407,2523,178,1144,2409,93,6076,1379,0.07554230857855089,232041,76516,
2523,0.0417142423167923,2409,1144,1379,6076,119320,232041,427877,0.07554230857855089,155525,119320,0.08339085374986203,76516,201,10,0,211,427877,0.08339085374986203,155525,10,191,201,0.0417142423167923,211,2523,0,1144,2409,191,6076,1379,0.07554230857855089,232041,76516,
2523,0.0417142423167923,2409,1144,1379,6076,119320,232041,427877,0.07554230857855089,155525,119320,0.08339085374986203,76516,201,10,0,211,427877,0.08339085374986203,155525,10,191,201,0.0417142423167923,211,2523,0,1144,2409,191,6076,1379,0.07554230857855089,232041,76516,
1846,0.09479868891526508,1763,349,1497,3958,119320,232041,427877,0.013773533267732603,155525,119320,0.08339085374986203,76516,78,15,312,405,427877,0.08339085374986203,155525,15,63,78,0.09479868891526508,405,1846,312,349,1763,63,3958,1497,0.013773533267732603,232041,76516,
1846,0.022609967470655457,1763,349,1497,3958,119320,232041,427877,0.013773533267732603,155525,119320,0.08339085374986203,76516,79,62,231,372,427877,0.08339085374986203,155525,62,17,79,0.022609967470655457,372,1846,231,349,1763,17,3958,1497,0.013773533267732603,232041,76516,
570,0.0,99,129,441,798,119320,232041,427877,0.17716913271310375,155525,119320,0.08339085374986203,76516,0,0,0,0,427877,0.08339085374986203,155525,0,0,0,0.0,0,570,0,129,99,0,798,441,0.17716913271310375,232041,76516,
1494,0.11706651383159183,489,221,1273,2204,119320,232041,427877,0.08428452194623275,155525,119320,0.08339085374986203,76516,251,22,3,276,427877,0.08339085374986203,155525,22,229,251,0.11706651383159183,276,1494,3,221,489,229,2204,1273,0.08428452194623275,232041,76516,
1494,0.11706651383159183,489,221,1273,2204,119320,232041,427877,0.08428452194623275,155525,119320,0.08339085374986203,76516,251,22,3,276,427877,0.08339085374986203,155525,22,229,251,0.11706651383159183,276,1494,3,221,489,229,2204,1273,0.08428452194623275,232041,76516,
1494,0.11706651383159183,489,221,1273,2204,119320,232041,427877,0.08428452194623275,155525,119320,0.08339085374986203,76516,251,22,3,276,427877,0.08339085374986203,155525,22,229,251,0.11706651383159183,276,1494,3,221,489,229,2204,1273,0.08428452194623275,232041,76516,
1494,0.09573635031362629,489,221,1273,2204,119320,232041,427877,0.08428452194623275,155525,119320,0.08339085374986203,76516,332,20,16,368,427877,0.08339085374986203,155525,20,312,332,0.09573635031362629,368,1494,16,221,489,312,2204,1273,0.08428452194623275,232041,76516,
1494,0.09573635031362629,489,221,1273,2204,119320,232041,427877,0.08428452194623275,155525,119320,0.08339085374986203,76516,332,20,16,368,427877,0.08339085374986203,155525,20,312,332,0.09573635031362629,368,1494,16,221,489,312,2204,1273,0.08428452194623275,232041,76516,
1494,0.01713981568336345,489,221,1273,2204,119320,232041,427877,0.08428452194623275,155525,119320,0.08339085374986203,76516,5,5,73,83,427877,0.08339085374986203,155525,5,0,5,0.01713981568336345,83,1494,73,221,489,0,2204,1273,0.08428452194623275,232041,76516,
313,0.024916743944680755,1750,193,120,2256,119320,232041,427877,0.03202185961298266,155525,119320,0.08339085374986203,76516,2,17,367,386,427877,0.08339085374986203,155525,17,-15,2,0.024916743944680755,386,313,367,193,1750,-15,2256,120,0.03202185961298266,232041,76516,
313,0.01787109006593495,1750,193,120,2256,119320,232041,427877,0.03202185961298266,155525,119320,0.08339085374986203,76516,2,17,221,240,427877,0.08339085374986203,155525,17,-15,2,0.01787109006593495,240,313,221,193,1750,-15,2256,120,0.03202185961298266,232041,76516,
313,0.025679168213782085,1750,193,120,2256,119320,232041,427877,0.03202185961298266,155525,119320,0.08339085374986203,76516,15,29,0,44,427877,0.08339085374986203,155525,29,-14,15,0.025679168213782085,44,313,0,193,1750,-14,2256,120,0.03202185961298266,232041,76516,
313,0.010612569260554183,1750,193,120,2256,119320,232041,427877,0.03202185961298266,155525,119320,0.08339085374986203,76516,2,17,180,199,427877,0.08339085374986203,155525,17,-15,2,0.010612569260554183,199,313,180,193,1750,-15,2256,120,0.03202185961298266,232041,76516,
313,0.10365521446091938,1750,193,120,2256,119320,232041,427877,0.03202185961298266,155525,119320,0.08339085374986203,76516,12,26,639,677,427877,0.08339085374986203,155525,26,-14,12,0.10365521446091938,677,313,639,193,1750,-14,2256,120,0.03202185961298266,232041,76516,
313,0.10365521446091938,1750,193,120,2256,119320,232041,427877,0.03202185961298266,155525,119320,0.08339085374986203,76516,12,26,639,677,427877,0.08339085374986203,155525,26,-14,12,0.10365521446091938,677,313,639,193,1750,-14,2256,120,0.03202185961298266,232041,76516,
313,0.10365521446091938,1750,193,120,2256,119320,232041,427877,0.03202185961298266,155525,119320,0.08339085374986203,76516,12,26,639,677,427877,0.08339085374986203,155525,26,-14,12,0.10365521446091938,677,313,639,193,1750,-14,2256,120,0.03202185961298266,232041,76516,
313,0.10365521446091938,1750,193,120,2256,119320,232041,427877,0.03202185961298266,155525,119320,0.08339085374986203,76516,12,26,639,677,427877,0.08339085374986203,155525,26,-14,12,0.10365521446091938,677,313,639,193,1750,-14,2256,120,0.03202185961298266,232041,76516,
2568,0.19420882997099276,1429,779,1789,4776,119320,232041,427877,0.11218052732968807,155525,119320,0.08339085374986203,76516,187,160,688,1035,427877,0.08339085374986203,155525,160,27,187,0.19420882997099276,1035,2568,688,779,1429,27,4776,1789,0.11218052732968807,232041,76516,
2568,0.16300961836494307,1429,779,1789,4776,119320,232041,427877,0.11218052732968807,155525,119320,0.08339085374986203,76516,412,208,379,999,427877,0.08339085374986203,155525,208,204,412,0.16300961836494307,999,2568,379,779,1429,204,4776,1789,0.11218052732968807,232041,76516,
2568,0.16300961836494307,1429,779,1789,4776,119320,232041,427877,0.11218052732968807,155525,119320,0.08339085374986203,76516,412,208,379,999,427877,0.08339085374986203,155525,208,204,412,0.16300961836494307,999,2568,379,779,1429,204,4776,1789,0.11218052732968807,232041,76516,
2568,0.16300961836494307,1429,779,1789,4776,119320,232041,427877,0.11218052732968807,155525,119320,0.08339085374986203,76516,412,208,379,999,427877,0.08339085374986203,155525,208,204,412,0.16300961836494307,999,2568,379,779,1429,204,4776,1789,0.11218052732968807,232041,76516,
2568,0.12515875813000593,1429,779,1789,4776,119320,232041,427877,0.11218052732968807,155525,119320,0.08339085374986203,76516,493,45,26,564,427877,0.08339085374986203,155525,45,448,493,0.12515875813000593,564,2568,26,779,1429,448,4776,1789,0.11218052732968807,232041,76516,
2568,0.06047806979431689,1429,779,1789,4776,119320,232041,427877,0.11218052732968807,155525,119320,0.08339085374986203,76516,581,19,0,600,427877,0.08339085374986203,155525,19,562,581,0.06047806979431689,600,2568,0,779,1429,562,4776,1789,0.11218052732968807,232041,76516,
2568,0.006818551659524731,1429,779,1789,4776,119320,232041,427877,0.11218052732968807,155525,119320,0.08339085374986203,76516,1,2,157,160,427877,0.08339085374986203,155525,2,-1,1,0.006818551659524731,160,2568,157,779,1429,-1,4776,1789,0.11218052732968807,232041,76516,
2568,0.0,1429,779,1789,4776,119320,232041,427877,0.11218052732968807,155525,119320,0.08339085374986203,76516,0,0,0,0,427877,0.08339085374986203,155525,0,0,0,0.0,0,2568,0,779,1429,0,4776,1789,0.11218052732968807,232041,76516,
2568,0.0,1429,779,1789,4776,119320,232041,427877,0.11218052732968807,155525,119320,0.08339085374986203,76516,0,0,0,0,427877,0.08339085374986203,155525,0,0,0,0.0,0,2568,0,779,1429,0,4776,1789,0.11218052732968807,232041,76516,
2568,0.2987883091409036,1429,779,1789,4776,119320,232041,427877,0.11218052732968807,155525,119320,0.08339085374986203,76516,168,146,40,354,427877,0.08339085374986203,155525,146,22,168,0.2987883091409036,354,2568,40,779,1429,22,4776,1789,0.11218052732968807,232041,76516,
5703,0.1780090362227514,3441,1807,3896,10951,119320,232041,427877,0.10944434292650204,155525,119320,0.08339085374986203,76516,174,102,15,291,427877,0.08339085374986203,155525,102,72,174,0.1780090362227514,291,5703,15,1807,3441,72,10951,3896,0.10944434292650204,232041,76516,
5703,0.18057501485052813,3441,1807,3896,10951,119320,232041,427877,0.10944434292650204,155525,119320,0.08339085374986203,76516,251,297,44,592,427877,0.08339085374986203,155525,297,-46,251,0.18057501485052813,592,5703,44,1807,3441,-46,10951,3896,0.10944434292650204,232041,76516,
5703,0.20658318762949365,3441,1807,3896,10951,119320,232041,427877,0.10944434292650204,155525,119320,0.08339085374986203,76516,675,271,845,1791,427877,0.08339085374986203,155525,271,404,675,0.20658318762949365,1791,5703,845,1807,3441,404,10951,3896,0.10944434292650204,232041,76516,
5703,0.20658318762949365,3441,1807,3896,10951,119320,232041,427877,0.10944434292650204,155525,119320,0.08339085374986203,76516,675,271,845,1791,427877,0.08339085374986203,155525,271,404,675,0.20658318762949365,1791,5703,845,1807,3441,404,10951,3896,0.10944434292650204,232041,76516,
5703,0.20658318762949365,3441,1807,3896,10951,119320,232041,427877,0.10944434292650204,155525,119320,0.08339085374986203,76516,675,271,845,1791,427877,0.08339085374986203,155525,271,404,675,0.20658318762949365,1791,5703,845,1807,3441,404,10951,3896,0.10944434292650204,232041,76516,
5703,0.039159870531581,3441,1807,3896,10951,119320,232041,427877,0.10944434292650204,155525,119320,0.08339085374986203,76516,12,1,147,160,427877,0.08339085374986203,155525,1,11,12,0.039159870531581,160,5703,147,1807,3441,11,10951,3896,0.10944434292650204,232041,76516,
5703,0.16341981911992848,3441,1807,3896,10951,119320,232041,427877,0.10944434292650204,155525,119320,0.08339085374986203,76516,463,55,362,880,427877,0.08339085374986203,155525,55,408,463,0.16341981911992848,880,5703,362,1807,3441,408,10951,3896,0.10944434292650204,232041,76516,
5703,0.16341981911992848,3441,1807,3896,10951,119320,232041,427877,0.10944434292650204,155525,119320,0.08339085374986203,76516,463,55,362,880,427877,0.08339085374986203,155525,55,408,463,0.16341981911992848,880,5703,362,1807,3441,408,10951,3896,0.10944434292650204,232041,76516,
5703,0.16341981911992848,3441,1807,3896,10951,119320,232041,427877,0.10944434292650204,155525,119320,0.08339085374986203,76516,463,55,362,880,427877,0.08339085374986203,155525,55,408,463,0.16341981911992848,880,5703,362,1807,3441,408,10951,3896,0.10944434292650204,232041,76516,
5703,0.16860919538449176,3441,1807,3896,10951,119320,232041,427877,0.10944434292650204,155525,119320,0.08339085374986203,76516,931,558,219,1708,427877,0.08339085374986203,155525,558,373,931,0.16860919538449176,1708,5703,219,1807,3441,373,10951,3896,0.10944434292650204,232041,76516,
5703,0.16860919538449176,3441,1807,3896,10951,119320,232041,427877,0.10944434292650204,155525,119320,0.08339085374986203,76516,931,558,219,1708,427877,0.08339085374986203,155525,558,373,931,0.16860919538449176,1708,5703,219,1807,3441,373,10951,3896,0.10944434292650204,232041,76516,
5703,0.16860919538449176,3441,1807,3896,10951,119320,232041,427877,0.10944434292650204,155525,119320,0.08339085374986203,76516,931,558,219,1708,427877,0.08339085374986203,155525,558,373,931,0.16860919538449176,1708,5703,219,1807,3441,373,10951,3896,0.10944434292650204,232041,76516,
5703,0.16860919538449176,3441,1807,3896,10951,119320,232041,427877,0.10944434292650204,155525,119320,0.08339085374986203,76516,931,558,219,1708,427877,0.08339085374986203,155525,558,373,931,0.16860919538449176,1708,5703,219,1807,3441,373,10951,3896,0.10944434292650204,232041,76516,
5703,0.16860919538449176,3441,1807,3896,10951,119320,232041,427877,0.10944434292650204,155525,119320,0.08339085374986203,76516,931,558,219,1708,427877,0.08339085374986203,155525,558,373,931,0.16860919538449176,1708,5703,219,1807,3441,373,10951,3896,0.10944434292650204,232041,76516,
5703,0.16860919538449176,3441,1807,3896,10951,119320,232041,427877,0.10944434292650204,155525,119320,0.08339085374986203,76516,931,558,219,1708,427877,0.08339085374986203,155525,558,373,931,0.16860919538449176,1708,5703,219,1807,3441,373,10951,3896,0.10944434292650204,232041,76516,
5703,0.16860919538449176,3441,1807,3896,10951,119320,232041,427877,0.10944434292650204,155525,119320,0.08339085374986203,76516,931,558,219,1708,427877,0.08339085374986203,155525,558,373,931,0.16860919538449176,1708,5703,219,1807,3441,373,10951,3896,0.10944434292650204,232041,76516,
5703,0.16860919538449176,3441,1807,3896,10951,119320,232041,427877,0.10944434292650204,155525,119320,0.08339085374986203,76516,931,558,219,1708,427877,0.08339085374986203,155525,558,373,931,0.16860919538449176,1708,5703,219,1807,3441,373,10951,3896,0.10944434292650204,232041,76516,
5703,0.1489704307600776,3441,1807,3896,10951,119320,232041,427877,0.10944434292650204,155525,119320,0.08339085374986203,76516,1517,243,1211,2971,427877,0.08339085374986203,155525,243,1274,1517,0.1489704307600776,2971,5703,1211,1807,3441,1274,10951,3896,0.10944434292650204,232041,76516,
5703,0.1489704307600776,3441,1807,3896,10951,119320,232041,427877,0.10944434292650204,155525,119320,0.08339085374986203,76516,1517,243,1211,2971,427877,0.08339085374986203,155525,243,1274,1517,0.1489704307600776,2971,5703,1211,1807,3441,1274,10951,3896,0.10944434292650204,232041,76516,
5703,0.1489704307600776,3441,1807,3896,10951,119320,232041,427877,0.10944434292650204,155525,119320,0.08339085374986203,76516,1517,243,1211,2971,427877,0.08339085374986203,155525,243,1274,1517,0.1489704307600776,2971,5703,1211,1807,3441,1274,10951,3896,0.10944434292650204,232041,76516,
12833,0.113188354022785,6347,5285,7548,24465,119320,232041,427877,0.12225295187822073,155525,119320,0.08339085374986203,76516,191,86,391,668,427877,0.08339085374986203,155525,86,105,191,0.113188354022785,668,12833,391,5285,6347,105,24465,7548,0.12225295187822073,232041,76516,
12833,0.113188354022785,6347,5285,7548,24465,119320,232041,427877,0.12225295187822073,155525,119320,0.08339085374986203,76516,191,86,391,668,427877,0.08339085374986203,155525,86,105,191,0.113188354022785,668,12833,391,5285,6347,105,24465,7548,0.12225295187822073,232041,76516,
12833,0.113188354022785,6347,5285,7548,24465,119320,232041,427877,0.12225295187822073,155525,119320,0.08339085374986203,76516,191,86,391,668,427877,0.08339085374986203,155525,86,105,191,0.113188354022785,668,12833,391,5285,6347,105,24465,7548,0.12225295187822073,232041,76516,
12833,0.113188354022785,6347,5285,7548,24465,119320,232041,427877,0.12225295187822073,155525,119320,0.08339085374986203,76516,191,86,391,668,427877,0.08339085374986203,155525,86,105,191,0.113188354022785,668,12833,391,5285,6347,105,24465,7548,0.12225295187822073,232041,76516,
12833,0.11393788910811427,6347,5285,7548,24465,119320,232041,427877,0.12225295187822073,155525,119320,0.08339085374986203,76516,205,100,22,327,427877,0.08339085374986203,155525,100,105,205,0.11393788910811427,327,12833,22,5285,6347,105,24465,7548,0.12225295187822073,232041,76516,
12833,0.11393788910811427,6347,5285,7548,24465,119320,232041,427877,0.12225295187822073,155525,119320,0.08339085374986203,76516,205,100,22,327,427877,0.08339085374986203,155525,100,105,205,0.11393788910811427,327,12833,22,5285,6347,105,24465,7548,0.12225295187822073,232041,76516,
12833,0.11393788910811427,6347,5285,7548,24465,119320,232041,427877,0.12225295187822073,155525,119320,0.08339085374986203,76516,205,100,22,327,427877,0.08339085374986203,155525,100,105,205,0.11393788910811427,327,12833,22,5285,6347,105,24465,7548,0.12225295187822073,232041,76516,
12833,0.12787635197057412,6347,5285,7548,24465,119320,232041,427877,0.12225295187822073,155525,119320,0.08339085374986203,76516,45,68,311,424,427877,0.08339085374986203,155525,68,-23,45,0.12787635197057412,424,12833,311,5285,6347,-23,24465,7548,0.12225295187822073,232041,76516,
12833,0.12787635197057412,6347,5285,7548,24465,119320,232041,427877,0.12225295187822073,155525,119320,0.08339085374986203,76516,45,68,311,424,427877,0.08339085374986203,155525,68,-23,45,0.12787635197057412,424,12833,311,5285,6347,-23,24465,7548,0.12225295187822073,232041,76516,
12833,0.12787635197057412,6347,5285,7548,24465,119320,232041,427877,0.12225295187822073,155525,119320,0.08339085374986203,76516,45,68,311,424,427877,0.08339085374986203,155525,68,-23,45,0.12787635197057412,424,12833,311,5285,6347,-23,24465,7548,0.12225295187822073,232041,76516,
12833,0.12787635197057412,6347,5285,7548,24465,119320,232041,427877,0.12225295187822073,155525,119320,0.08339085374986203,76516,45,68,311,424,427877,0.08339085374986203,155525,68,-23,45,0.12787635197057412,424,12833,311,5285,6347,-23,24465,7548,0.12225295187822073,232041,76516,
12833,0.12787635197057412,6347,5285,7548,24465,119320,232041,427877,0.12225295187822073,155525,119320,0.08339085374986203,76516,45,68,311,424,427877,0.08339085374986203,155525,68,-23,45,0.12787635197057412,424,12833,311,5285,6347,-23,24465,7548,0.12225295187822073,232041,76516,
12833,0.12787635197057412,6347,5285,7548,24465,119320,232041,427877,0.12225295187822073,155525,119320,0.08339085374986203,76516,45,68,311,424,427877,0.08339085374986203,155525,68,-23,45,0.12787635197057412,424,12833,311,5285,6347,-23,24465,7548,0.12225295187822073,232041,76516,
12833,0.12787635197057412,6347,5285,7548,24465,119320,232041,427877,0.12225295187822073,155525,119320,0.08339085374986203,76516,45,68,311,424,427877,0.08339085374986203,155525,68,-23,45,0.12787635197057412,424,12833,311,5285,6347,-23,24465,7548,0.12225295187822073,232041,76516,
12833,0.12787635197057412,6347,5285,7548,24465,119320,232041,427877,0.12225295187822073,155525,119320,0.08339085374986203,76516,45,68,311,424,427877,0.08339085374986203,155525,68,-23,45,0.12787635197057412,424,12833,311,5285,6347,-23,24465,7548,0.12225295187822073,232041,76516,
12833,0.06981473395438226,6347,5285,7548,24465,119320,232041,427877,0.12225295187822073,155525,119320,0.08339085374986203,76516,64,34,713,811,427877,0.08339085374986203,155525,34,30,64,0.06981473395438226,811,12833,713,5285,6347,30,24465,7548,0.12225295187822073,232041,76516,
12833,0.06981473395438226,6347,5285,7548,24465,119320,232041,427877,0.12225295187822073,155525,119320,0.08339085374986203,76516,64,34,713,811,427877,0.08339085374986203,155525,34,30,64,0.06981473395438226,811,12833,713,5285,6347,30,24465,7548,0.12225295187822073,232041,76516,
12833,0.06981473395438226,6347,5285,7548,24465,119320,232041,427877,0.12225295187822073,155525,119320,0.08339085374986203,76516,64,34,713,811,427877,0.08339085374986203,155525,34,30,64,0.06981473395438226,811,12833,713,5285,6347,30,24465,7548,0.12225295187822073,232041,76516,
12833,0.06981473395438226,6347,5285,7548,24465,119320,232041,427877,0.12225295187822073,155525,119320,0.08339085374986203,76516,64,34,713,811,427877,0.08339085374986203,155525,34,30,64,0.06981473395438226,811,12833,713,5285,6347,30,24465,7548,0.12225295187822073,232041,76516,
12833,0.0,6347,5285,7548,24465,119320,232041,427877,0.12225295187822073,155525,119320,0.08339085374986203,76516,0,0,0,0,427877,0.08339085374986203,155525,0,0,0,0.0,0,12833,0,5285,6347,0,24465,7548,0.12225295187822073,232041,76516,
12833,0.18666289827957136,6347,5285,7548,24465,119320,232041,427877,0.12225295187822073,155525,119320,0.08339085374986203,76516,257,112,126,495,427877,0.08339085374986203,155525,112,145,257,0.18666289827957136,495,12833,126,5285,6347,145,24465,7548,0.12225295187822073,232041,76516,
12833,0.18666289827957136,6347,5285,7548,24465,119320,232041,427877,0.12225295187822073,155525,119320,0.08339085374986203,76516,257,112,126,495,427877,0.08339085374986203,155525,112,145,257,0.18666289827957136,495,12833,126,5285,6347,145,24465,7548,0.12225295187822073,232041,76516,
12833,0.18666289827957136,6347,5285,7548,24465,119320,232041,427877,0.12225295187822073,155525,119320,0.08339085374986203,76516,257,112,126,495,427877,0.08339085374986203,155525,112,145,257,0.18666289827957136,495,12833,126,5285,6347,145,24465,7548,0.12225295187822073,232041,76516,
12833,0.18666289827957136,6347,5285,7548,24465,119320,232041,427877,0.12225295187822073,155525,119320,0.08339085374986203,76516,257,112,126,495,427877,0.08339085374986203,155525,112,145,257,0.18666289827957136,495,12833,126,5285,6347,145,24465,7548,0.12225295187822073,232041,76516,
12833,0.18666289827957136,6347,5285,7548,24465,119320,232041,427877,0.12225295187822073,155525,119320,0.08339085374986203,76516,257,112,126,495,427877,0.08339085374986203,155525,112,145,257,0.18666289827957136,495,12833,126,5285,6347,145,24465,7548,0.12225295187822073,232041,76516,
12833,0.18666289827957136,6347,5285,7548,24465,119320,232041,427877,0.12225295187822073,155525,119320,0.08339085374986203,76516,257,112,126,495,427877,0.08339085374986203,155525,112,145,257,0.18666289827957136,495,12833,126,5285,6347,145,24465,7548,0.12225295187822073,232041,76516,
12833,0.18666289827957136,6347,5285,7548,24465,119320,232041,427877,0.12225295187822073,155525,119320,0.08339085374986203,76516,257,112,126,495,427877,0.08339085374986203,155525,112,145,257,0.18666289827957136,495,12833,126,5285,6347,145,24465,7548,0.12225295187822073,232041,76516,
12833,0.18666289827957136,6347,5285,7548,24465,119320,232041,427877,0.12225295187822073,155525,119320,0.08339085374986203,76516,257,112,126,495,427877,0.08339085374986203,155525,112,145,257,0.18666289827957136,495,12833,126,5285,6347,145,24465,7548,0.12225295187822073,232041,76516,
12833,0.18666289827957136,6347,5285,7548,24465,119320,232041,427877,0.12225295187822073,155525,119320,0.08339085374986203,76516,257,112,126,495,427877,0.08339085374986203,155525,112,145,257,0.18666289827957136,495,12833,126,5285,6347,145,24465,7548,0.12225295187822073,232041,76516,
12833,0.18666289827957136,6347,5285,7548,24465,119320,232041,427877,0.12225295187822073,155525,119320,0.08339085374986203,76516,257,112,126,495,427877,0.08339085374986203,155525,112,145,257,0.18666289827957136,495,12833,126,5285,6347,145,24465,7548,0.12225295187822073,232041,76516,
12833,0.18666289827957136,6347,5285,7548,24465,119320,232041,427877,0.12225295187822073,155525,119320,0.08339085374986203,76516,257,112,126,495,427877,0.08339085374986203,155525,112,145,257,0.18666289827957136,495,12833,126,5285,6347,145,24465,7548,0.12225295187822073,232041,76516,
12833,0.23623384981254172,6347,5285,7548,24465,119320,232041,427877,0.12225295187822073,155525,119320,0.08339085374986203,76516,675,329,75,1079,427877,0.08339085374986203,155525,329,346,675,0.23623384981254172,1079,12833,75,5285,6347,346,24465,7548,0.12225295187822073,232041,76516,
12833,0.23623384981254172,6347,5285,7548,24465,119320,232041,427877,0.12225295187822073,155525,119320,0.08339085374986203,76516,675,329,75,1079,427877,0.08339085374986203,155525,329,346,675,0.23623384981254172,1079,12833,75,5285,6347,346,24465,7548,0.12225295187822073,232041,76516,
12833,0.23623384981254172,6347,5285,7548,24465,119320,232041,427877,0.12225295187822073,155525,119320,0.08339085374986203,76516,675,329,75,1079,427877,0.08339085374986203,155525,329,346,675,0.23623384981254172,1079,12833,75,5285,6347,346,24465,7548,0.12225295187822073,232041,76516,
12833,0.16809202828192196,6347,5285,7548,24465,119320,232041,427877,0.12225295187822073,155525,119320,0.08339085374986203,76516,1607,416,1267,3290,427877,0.08339085374986203,155525,416,1191,1607,0.16809202828192196,3290,12833,1267,5285,6347,1191,24465,7548,0.12225295187822073,232041,76516,
12833,0.21513581594147949,6347,5285,7548,24465,119320,232041,427877,0.12225295187822073,155525,119320,0.08339085374986203,76516,545,73,225,843,427877,0.08339085374986203,155525,73,472,545,0.21513581594147949,843,12833,225,5285,6347,472,24465,7548,0.12225295187822073,232041,76516,
12833,0.21513581594147949,6347,5285,7548,24465,119320,232041,427877,0.12225295187822073,155525,119320,0.08339085374986203,76516,545,73,225,843,427877,0.08339085374986203,155525,73,472,545,0.21513581594147949,843,12833,225,5285,6347,472,24465,7548,0.12225295187822073,232041,76516,
12833,0.21513581594147949,6347,5285,7548,24465,119320,232041,427877,0.12225295187822073,155525,119320,0.08339085374986203,76516,545,73,225,843,427877,0.08339085374986203,155525,73,472,545,0.21513581594147949,843,12833,225,5285,6347,472,24465,7548,0.12225295187822073,232041,76516,
12833,0.21513581594147949,6347,5285,7548,24465,119320,232041,427877,0.12225295187822073,155525,119320,0.08339085374986203,76516,545,73,225,843,427877,0.08339085374986203,155525,73,472,545,0.21513581594147949,843,12833,225,5285,6347,472,24465,7548,0.12225295187822073,232041,76516,
12833,0.12667024132415508,6347,5285,7548,24465,119320,232041,427877,0.12225295187822073,155525,119320,0.08339085374986203,76516,97,41,31,169,427877,0.08339085374986203,155525,41,56,97,0.12667024132415508,169,12833,31,5285,6347,56,24465,7548,0.12225295187822073,232041,76516,
12833,0.12667024132415508,6347,5285,7548,24465,119320,232041,427877,0.12225295187822073,155525,119320,0.08339085374986203,76516,97,41,31,169,427877,0.08339085374986203,155525,41,56,97,0.12667024132415508,169,12833,31,5285,6347,56,24465,7548,0.12225295187822073,232041,76516,
12833,0.12667024132415508,6347,5285,7548,24465,119320,232041,427877,0.12225295187822073,155525,119320,0.08339085374986203,76516,97,41,31,169,427877,0.08339085374986203,155525,41,56,97,0.12667024132415508,169,12833,31,5285,6347,56,24465,7548,0.12225295187822073,232041,76516,
12833,0.19112254493601374,6347,5285,7548,24465,119320,232041,427877,0.12225295187822073,155525,119320,0.08339085374986203,76516,2063,1177,339,3579,427877,0.08339085374986203,155525,1177,886,2063,0.19112254493601374,3579,12833,339,5285,6347,886,24465,7548,0.12225295187822073,232041,76516,
12833,0.19112254493601374,6347,5285,7548,24465,119320,232041,427877,0.12225295187822073,155525,119320,0.08339085374986203,76516,2063,1177,339,3579,427877,0.08339085374986203,155525,1177,886,2063,0.19112254493601374,3579,12833,339,5285,6347,886,24465,7548,0.12225295187822073,232041,76516,
12833,0.19112254493601374,6347,5285,7548,24465,119320,232041,427877,0.12225295187822073,155525,119320,0.08339085374986203,76516,2063,1177,339,3579,427877,0.08339085374986203,155525,1177,886,2063,0.19112254493601374,3579,12833,339,5285,6347,886,24465,7548,0.12225295187822073,232041,76516,
12833,0.19112254493601374,6347,5285,7548,24465,119320,232041,427877,0.12225295187822073,155525,119320,0.08339085374986203,76516,2063,1177,339,3579,427877,0.08339085374986203,155525,1177,886,2063,0.19112254493601374,3579,12833,339,5285,6347,886,24465,7548,0.12225295187822073,232041,76516,
12833,0.19112254493601374,6347,5285,7548,24465,119320,232041,427877,0.12225295187822073,155525,119320,0.08339085374986203,76516,2063,1177,339,3579,427877,0.08339085374986203,155525,1177,886,2063,0.19112254493601374,3579,12833,339,5285,6347,886,24465,7548,0.12225295187822073,232041,76516,
12833,0.19112254493601374,6347,5285,7548,24465,119320,232041,427877,0.12225295187822073,155525,119320,0.08339085374986203,76516,2063,1177,339,3579,427877,0.08339085374986203,155525,1177,886,2063,0.19112254493601374,3579,12833,339,5285,6347,886,24465,7548,0.12225295187822073,232041,76516,
12833,0.19112254493601374,6347,5285,7548,24465,119320,232041,427877,0.12225295187822073,155525,119320,0.08339085374986203,76516,2063,1177,339,3579,427877,0.08339085374986203,155525,1177,886,2063,0.19112254493601374,3579,12833,339,5285,6347,886,24465,7548,0.12225295187822073,232041,76516,
12833,0.19112254493601374,6347,5285,7548,24465,119320,232041,427877,0.12225295187822073,155525,119320,0.08339085374986203,76516,2063,1177,339,3579,427877,0.08339085374986203,155525,1177,886,2063,0.19112254493601374,3579,12833,339,5285,6347,886,24465,7548,0.12225295187822073,232041,76516,
12833,0.19112254493601374,6347,5285,7548,24465,119320,232041,427877,0.12225295187822073,155525,119320,0.08339085374986203,76516,2063,1177,339,3579,427877,0.08339085374986203,155525,1177,886,2063,0.19112254493601374,3579,12833,339,5285,6347,886,24465,7548,0.12225295187822073,232041,76516,
12833,0.19112254493601374,6347,5285,7548,24465,119320,232041,427877,0.12225295187822073,155525,119320,0.08339085374986203,76516,2063,1177,339,3579,427877,0.08339085374986203,155525,1177,886,2063,0.19112254493601374,3579,12833,339,5285,6347,886,24465,7548,0.12225295187822073,232041,76516,
12833,0.19112254493601374,6347,5285,7548,24465,119320,232041,427877,0.12225295187822073,155525,119320,0.08339085374986203,76516,2063,1177,339,3579,427877,0.08339085374986203,155525,1177,886,2063,0.19112254493601374,3579,12833,339,5285,6347,886,24465,7548,0.12225295187822073,232041,76516,
12833,0.19112254493601374,6347,5285,7548,24465,119320,232041,427877,0.12225295187822073,155525,119320,0.08339085374986203,76516,2063,1177,339,3579,427877,0.08339085374986203,155525,1177,886,2063,0.19112254493601374,3579,12833,339,5285,6347,886,24465,7548,0.12225295187822073,232041,76516,
12833,0.19112254493601374,6347,5285,7548,24465,119320,232041,427877,0.12225295187822073,155525,119320,0.08339085374986203,76516,2063,1177,339,3579,427877,0.08339085374986203,155525,1177,886,2063,0.19112254493601374,3579,12833,339,5285,6347,886,24465,7548,0.12225295187822073,232041,76516,
12833,0.19112254493601374,6347,5285,7548,24465,119320,232041,427877,0.12225295187822073,155525,119320,0.08339085374986203,76516,2063,1177,339,3579,427877,0.08339085374986203,155525,1177,886,2063,0.19112254493601374,3579,12833,339,5285,6347,886,24465,7548,0.12225295187822073,232041,76516,
12833,0.19112254493601374,6347,5285,7548,24465,119320,232041,427877,0.12225295187822073,155525,119320,0.08339085374986203,76516,2063,1177,339,3579,427877,0.08339085374986203,155525,1177,886,2063,0.19112254493601374,3579,12833,339,5285,6347,886,24465,7548,0.12225295187822073,232041,76516,
12833,0.19112254493601374,6347,5285,7548,24465,119320,232041,427877,0.12225295187822073,155525,119320,0.08339085374986203,76516,2063,1177,339,3579,427877,0.08339085374986203,155525,1177,886,2063,0.19112254493601374,3579,12833,339,5285,6347,886,24465,7548,0.12225295187822073,232041,76516,
12833,0.11957943090774295,6347,5285,7548,24465,119320,232041,427877,0.12225295187822073,155525,119320,0.08339085374986203,76516,256,168,25,449,427877,0.08339085374986203,155525,168,88,256,0.11957943090774295,449,12833,25,5285,6347,88,24465,7548,0.12225295187822073,232041,76516,
12833,0.09703917506257582,6347,5285,7548,24465,119320,232041,427877,0.12225295187822073,155525,119320,0.08339085374986203,76516,334,243,3,580,427877,0.08339085374986203,155525,243,91,334,0.09703917506257582,580,12833,3,5285,6347,91,24465,7548,0.12225295187822073,232041,76516,
12833,0.10941445153049313,6347,5285,7548,24465,119320,232041,427877,0.12225295187822073,155525,119320,0.08339085374986203,76516,253,229,64,546,427877,0.08339085374986203,155525,229,24,253,0.10941445153049313,546,12833,64,5285,6347,24,24465,7548,0.12225295187822073,232041,76516,
12833,0.11736767357792484,6347,5285,7548,24465,119320,232041,427877,0.12225295187822073,155525,119320,0.08339085374986203,76516,698,168,483,1349,427877,0.08339085374986203,155525,168,530,698,0.11736767357792484,1349,12833,483,5285,6347,530,24465,7548,0.12225295187822073,232041,76516,
12833,0.14245802082942244,6347,5285,7548,24465,119320,232041,427877,0.12225295187822073,155525,119320,0.08339085374986203,76516,1682,457,71,2210,427877,0.08339085374986203,155525,457,1225,1682,0.14245802082942244,2210,12833,71,5285,6347,1225,24465,7548,0.12225295187822073,232041,76516,
12833,0.14245802082942244,6347,5285,7548,24465,119320,232041,427877,0.12225295187822073,155525,119320,0.08339085374986203,76516,1682,457,71,2210,427877,0.08339085374986203,155525,457,1225,1682,0.14245802082942244,2210,12833,71,5285,6347,1225,24465,7548,0.12225295187822073,232041,76516,
12833,0.14245802082942244,6347,5285,7548,24465,119320,232041,427877,0.12225295187822073,155525,119320,0.08339085374986203,76516,1682,457,71,2210,427877,0.08339085374986203,155525,457,1225,1682,0.14245802082942244,2210,12833,71,5285,6347,1225,24465,7548,0.12225295187822073,232041,76516,
12833,0.14245802082942244,6347,5285,7548,24465,119320,232041,427877,0.12225295187822073,155525,119320,0.08339085374986203,76516,1682,457,71,2210,427877,0.08339085374986203,155525,457,1225,1682,0.14245802082942244,2210,12833,71,5285,6347,1225,24465,7548,0.12225295187822073,232041,76516,
12833,0.14245802082942244,6347,5285,7548,24465,119320,232041,427877,0.12225295187822073,155525,119320,0.08339085374986203,76516,1682,457,71,2210,427877,0.08339085374986203,155525,457,1225,1682,0.14245802082942244,2210,12833,71,5285,6347,1225,24465,7548,0.12225295187822073,232041,76516,
12833,0.14245802082942244,6347,5285,7548,24465,119320,232041,427877,0.12225295187822073,155525,119320,0.08339085374986203,76516,1682,457,71,2210,427877,0.08339085374986203,155525,457,1225,1682,0.14245802082942244,2210,12833,71,5285,6347,1225,24465,7548,0.12225295187822073,232041,76516,
12833,0.14245802082942244,6347,5285,7548,24465,119320,232041,427877,0.12225295187822073,155525,119320,0.08339085374986203,76516,1682,457,71,2210,427877,0.08339085374986203,155525,457,1225,1682,0.14245802082942244,2210,12833,71,5285,6347,1225,24465,7548,0.12225295187822073,232041,76516,
12833,0.14245802082942244,6347,5285,7548,24465,119320,232041,427877,0.12225295187822073,155525,119320,0.08339085374986203,76516,1682,457,71,2210,427877,0.08339085374986203,155525,457,1225,1682,0.14245802082942244,2210,12833,71,5285,6347,1225,24465,7548,0.12225295187822073,232041,76516,
12833,0.14245802082942244,6347,5285,7548,24465,119320,232041,427877,0.12225295187822073,155525,119320,0.08339085374986203,76516,1682,457,71,2210,427877,0.08339085374986203,155525,457,1225,1682,0.14245802082942244,2210,12833,71,5285,6347,1225,24465,7548,0.12225295187822073,232041,76516,
12833,0.14245802082942244,6347,5285,7548,24465,119320,232041,427877,0.12225295187822073,155525,119320,0.08339085374986203,76516,1682,457,71,2210,427877,0.08339085374986203,155525,457,1225,1682,0.14245802082942244,2210,12833,71,5285,6347,1225,24465,7548,0.12225295187822073,232041,76516,
12833,0.14245802082942244,6347,5285,7548,24465,119320,232041,427877,0.12225295187822073,155525,119320,0.08339085374986203,76516,1682,457,71,2210,427877,0.08339085374986203,155525,457,1225,1682,0.14245802082942244,2210,12833,71,5285,6347,1225,24465,7548,0.12225295187822073,232041,76516,
12833,0.14245802082942244,6347,5285,7548,24465,119320,232041,427877,0.12225295187822073,155525,119320,0.08339085374986203,76516,1682,457,71,2210,427877,0.08339085374986203,155525,457,1225,1682,0.14245802082942244,2210,12833,71,5285,6347,1225,24465,7548,0.12225295187822073,232041,76516,
12833,0.14245802082942244,6347,5285,7548,24465,119320,232041,427877,0.12225295187822073,155525,119320,0.08339085374986203,76516,1682,457,71,2210,427877,0.08339085374986203,155525,457,1225,1682,0.14245802082942244,2210,12833,71,5285,6347,1225,24465,7548,0.12225295187822073,232041,76516,
12833,0.14245802082942244,6347,5285,7548,24465,119320,232041,427877,0.12225295187822073,155525,119320,0.08339085374986203,76516,1682,457,71,2210,427877,0.08339085374986203,155525,457,1225,1682,0.14245802082942244,2210,12833,71,5285,6347,1225,24465,7548,0.12225295187822073,232041,76516,
12833,0.06895470148561621,6347,5285,7548,24465,119320,232041,427877,0.12225295187822073,155525,119320,0.08339085374986203,76516,67,77,317,461,427877,0.08339085374986203,155525,77,-10,67,0.06895470148561621,461,12833,317,5285,6347,-10,24465,7548,0.12225295187822073,232041,76516,
965,0.16006078678401053,2,4,961,971,119320,232041,427877,0.10944215809788763,155525,119320,0.08339085374986203,76516,965,4,0,969,427877,0.08339085374986203,155525,4,961,965,0.16006078678401053,969,965,0,4,2,961,971,961,0.10944215809788763,232041,76516,
2396,0.13333333333333333,36,300,2096,2732,119320,232041,427877,0.12608272498688708,155525,119320,0.08339085374986203,76516,1,1,0,2,427877,0.08339085374986203,155525,1,0,1,0.13333333333333333,2,2396,0,300,36,0,2732,2096,0.12608272498688708,232041,76516,
2396,0.13333333333333333,36,300,2096,2732,119320,232041,427877,0.12608272498688708,155525,119320,0.08339085374986203,76516,1,1,0,2,427877,0.08339085374986203,155525,1,0,1,0.13333333333333333,2,2396,0,300,36,0,2732,2096,0.12608272498688708,232041,76516,
2396,0.13333333333333333,36,300,2096,2732,119320,232041,427877,0.12608272498688708,155525,119320,0.08339085374986203,76516,1,1,0,2,427877,0.08339085374986203,155525,1,0,1,0.13333333333333333,2,2396,0,300,36,0,2732,2096,0.12608272498688708,232041,76516,
2396,0.13333333333333333,36,300,2096,2732,119320,232041,427877,0.12608272498688708,155525,119320,0.08339085374986203,76516,1,1,0,2,427877,0.08339085374986203,155525,1,0,1,0.13333333333333333,2,2396,0,300,36,0,2732,2096,0.12608272498688708,232041,76516,
2396,0.13333333333333333,36,300,2096,2732,119320,232041,427877,0.12608272498688708,155525,119320,0.08339085374986203,76516,1,1,0,2,427877,0.08339085374986203,155525,1,0,1,0.13333333333333333,2,2396,0,300,36,0,2732,2096,0.12608272498688708,232041,76516,
2396,0.13333333333333333,36,300,2096,2732,119320,232041,427877,0.12608272498688708,155525,119320,0.08339085374986203,76516,1,1,0,2,427877,0.08339085374986203,155525,1,0,1,0.13333333333333333,2,2396,0,300,36,0,2732,2096,0.12608272498688708,232041,76516,
2396,0.13333333333333333,36,300,2096,2732,119320,232041,427877,0.12608272498688708,155525,119320,0.08339085374986203,76516,1,1,0,2,427877,0.08339085374986203,155525,1,0,1,0.13333333333333333,2,2396,0,300,36,0,2732,2096,0.12608272498688708,232041,76516,
2396,0.13333333333333333,36,300,2096,2732,119320,232041,427877,0.12608272498688708,155525,119320,0.08339085374986203,76516,1,1,0,2,427877,0.08339085374986203,155525,1,0,1,0.13333333333333333,2,2396,0,300,36,0,2732,2096,0.12608272498688708,232041,76516,
2396,0.13333333333333333,36,300,2096,2732,119320,232041,427877,0.12608272498688708,155525,119320,0.08339085374986203,76516,1,1,0,2,427877,0.08339085374986203,155525,1,0,1,0.13333333333333333,2,2396,0,300,36,0,2732,2096,0.12608272498688708,232041,76516,
2396,0.13333333333333333,36,300,2096,2732,119320,232041,427877,0.12608272498688708,155525,119320,0.08339085374986203,76516,1,1,0,2,427877,0.08339085374986203,155525,1,0,1,0.13333333333333333,2,2396,0,300,36,0,2732,2096,0.12608272498688708,232041,76516,
2396,0.13333333333333333,36,300,2096,2732,119320,232041,427877,0.12608272498688708,155525,119320,0.08339085374986203,76516,1,1,0,2,427877,0.08339085374986203,155525,1,0,1,0.13333333333333333,2,2396,0,300,36,0,2732,2096,0.12608272498688708,232041,76516,
2396,0.13333333333333333,36,300,2096,2732,119320,232041,427877,0.12608272498688708,155525,119320,0.08339085374986203,76516,1,1,0,2,427877,0.08339085374986203,155525,1,0,1,0.13333333333333333,2,2396,0,300,36,0,2732,2096,0.12608272498688708,232041,76516,
2396,0.13333333333333333,36,300,2096,2732,119320,232041,427877,0.12608272498688708,155525,119320,0.08339085374986203,76516,1,1,0,2,427877,0.08339085374986203,155525,1,0,1,0.13333333333333333,2,2396,0,300,36,0,2732,2096,0.12608272498688708,232041,76516,
2396,0.13333333333333333,36,300,2096,2732,119320,232041,427877,0.12608272498688708,155525,119320,0.08339085374986203,76516,1,1,0,2,427877,0.08339085374986203,155525,1,0,1,0.13333333333333333,2,2396,0,300,36,0,2732,2096,0.12608272498688708,232041,76516,
2396,0.13333333333333333,36,300,2096,2732,119320,232041,427877,0.12608272498688708,155525,119320,0.08339085374986203,76516,1,1,0,2,427877,0.08339085374986203,155525,1,0,1,0.13333333333333333,2,2396,0,300,36,0,2732,2096,0.12608272498688708,232041,76516,
2396,0.2337374282566735,36,300,2096,2732,119320,232041,427877,0.12608272498688708,155525,119320,0.08339085374986203,76516,102,24,11,137,427877,0.08339085374986203,155525,24,78,102,0.2337374282566735,137,2396,11,300,36,78,2732,2096,0.12608272498688708,232041,76516,
2396,0.22607433885274034,36,300,2096,2732,119320,232041,427877,0.12608272498688708,155525,119320,0.08339085374986203,76516,1497,63,0,1560,427877,0.08339085374986203,155525,63,1434,1497,0.22607433885274034,1560,2396,0,300,36,1434,2732,2096,0.12608272498688708,232041,76516,
2396,0.22607433885274034,36,300,2096,2732,119320,232041,427877,0.12608272498688708,155525,119320,0.08339085374986203,76516,1497,63,0,1560,427877,0.08339085374986203,155525,63,1434,1497,0.22607433885274034,1560,2396,0,300,36,1434,2732,2096,0.12608272498688708,232041,76516,
2396,0.21875,36,300,2096,2732,119320,232041,427877,0.12608272498688708,155525,119320,0.08339085374986203,76516,4,3,0,7,427877,0.08339085374986203,155525,3,1,4,0.21875,7,2396,0,300,36,1,2732,2096,0.12608272498688708,232041,76516,
2396,0.2600993366968996,36,300,2096,2732,119320,232041,427877,0.12608272498688708,155525,119320,0.08339085374986203,76516,186,81,7,274,427877,0.08339085374986203,155525,81,105,186,0.2600993366968996,274,2396,7,300,36,105,2732,2096,0.12608272498688708,232041,76516,
2396,0.04965471937454696,36,300,2096,2732,119320,232041,427877,0.12608272498688708,155525,119320,0.08339085374986203,76516,11,7,0,18,427877,0.08339085374986203,155525,7,4,11,0.04965471937454696,18,2396,0,300,36,4,2732,2096,0.12608272498688708,232041,76516,
265,0.06814326044769421,11,56,209,332,119320,232041,427877,0.07157914093473063,155525,119320,0.08339085374986203,76516,76,10,8,94,427877,0.08339085374986203,155525,10,66,76,0.06814326044769421,94,265,8,56,11,66,332,209,0.07157914093473063,232041,76516,
216,0.002179711948120499,14,51,165,281,119320,232041,427877,0.06701850789348986,155525,119320,0.08339085374986203,76516,1,1,2,4,427877,0.08339085374986203,155525,1,0,1,0.002179711948120499,4,216,2,51,14,0,281,165,0.06701850789348986,232041,76516,
216,0.020771904455261794,14,51,165,281,119320,232041,427877,0.06701850789348986,155525,119320,0.08339085374986203,76516,5,4,3,12,427877,0.08339085374986203,155525,4,1,5,0.020771904455261794,12,216,3,51,14,1,281,165,0.06701850789348986,232041,76516,
216,0.11033169529611035,14,51,165,281,119320,232041,427877,0.06701850789348986,155525,119320,0.08339085374986203,76516,163,3,0,166,427877,0.08339085374986203,155525,3,160,163,0.11033169529611035,166,216,0,51,14,160,281,165,0.06701850789348986,232041,76516,
216,0.11033169529611035,14,51,165,281,119320,232041,427877,0.06701850789348986,155525,119320,0.08339085374986203,76516,163,3,0,166,427877,0.08339085374986203,155525,3,160,163,0.11033169529611035,166,216,0,51,14,160,281,165,0.06701850789348986,232041,76516,
216,0.11033169529611035,14,51,165,281,119320,232041,427877,0.06701850789348986,155525,119320,0.08339085374986203,76516,163,3,0,166,427877,0.08339085374986203,155525,3,160,163,0.11033169529611035,166,216,0,51,14,160,281,165,0.06701850789348986,232041,76516,
93,0.1024705769080862,96,34,59,223,119320,232041,427877,0.1024705769080862,155525,119320,0.08339085374986203,76516,93,34,96,223,427877,0.08339085374986203,155525,34,59,93,0.1024705769080862,223,93,96,34,96,59,223,59,0.1024705769080862,232041,76516,
93,0.1024705769080862,96,34,59,223,119320,232041,427877,0.1024705769080862,155525,119320,0.08339085374986203,76516,93,34,96,223,427877,0.08339085374986203,155525,34,59,93,0.1024705769080862,223,93,96,34,96,59,223,59,0.1024705769080862,232041,76516,
93,0.1024705769080862,96,34,59,223,119320,232041,427877,0.1024705769080862,155525,119320,0.08339085374986203,76516,93,34,96,223,427877,0.08339085374986203,155525,34,59,93,0.1024705769080862,223,93,96,34,96,59,223,59,0.1024705769080862,232041,76516,
93,0.1024705769080862,96,34,59,223,119320,232041,427877,0.1024705769080862,155525,119320,0.08339085374986203,76516,93,34,96,223,427877,0.08339085374986203,155525,34,59,93,0.1024705769080862,223,93,96,34,96,59,223,59,0.1024705769080862,232041,76516,
648,0.1705804441973633,1324,255,393,2227,119320,232041,427877,0.048424705116705005,155525,119320,0.08339085374986203,76516,262,202,660,1124,427877,0.08339085374986203,155525,202,60,262,0.1705804441973633,1124,648,660,255,1324,60,2227,393,0.048424705116705005,232041,76516,
648,0.1705804441973633,1324,255,393,2227,119320,232041,427877,0.048424705116705005,155525,119320,0.08339085374986203,76516,262,202,660,1124,427877,0.08339085374986203,155525,202,60,262,0.1705804441973633,1124,648,660,255,1324,60,2227,393,0.048424705116705005,232041,76516,
648,0.1705804441973633,1324,255,393,2227,119320,232041,427877,0.048424705116705005,155525,119320,0.08339085374986203,76516,262,202,660,1124,427877,0.08339085374986203,155525,202,60,262,0.1705804441973633,1124,648,660,255,1324,60,2227,393,0.048424705116705005,232041,76516,
648,0.1705804441973633,1324,255,393,2227,119320,232041,427877,0.048424705116705005,155525,119320,0.08339085374986203,76516,262,202,660,1124,427877,0.08339085374986203,155525,202,60,262,0.1705804441973633,1124,648,660,255,1324,60,2227,393,0.048424705116705005,232041,76516,
648,0.010434348970068896,1324,255,393,2227,119320,232041,427877,0.048424705116705005,155525,119320,0.08339085374986203,76516,8,7,85,100,427877,0.08339085374986203,155525,7,1,8,0.010434348970068896,100,648,85,255,1324,1,2227,393,0.048424705116705005,232041,76516,
648,0.010434348970068896,1324,255,393,2227,119320,232041,427877,0.048424705116705005,155525,119320,0.08339085374986203,76516,8,7,85,100,427877,0.08339085374986203,155525,7,1,8,0.010434348970068896,100,648,85,255,1324,1,2227,393,0.048424705116705005,232041,76516,
648,0.010434348970068896,1324,255,393,2227,119320,232041,427877,0.048424705116705005,155525,119320,0.08339085374986203,76516,8,7,85,100,427877,0.08339085374986203,155525,7,1,8,0.010434348970068896,100,648,85,255,1324,1,2227,393,0.048424705116705005,232041,76516,
648,0.08413099981238224,1324,255,393,2227,119320,232041,427877,0.048424705116705005,155525,119320,0.08339085374986203,76516,354,25,279,658,427877,0.08339085374986203,155525,25,329,354,0.08413099981238224,658,648,279,255,1324,329,2227,393,0.048424705116705005,232041,76516,
648,0.08413099981238224,1324,255,393,2227,119320,232041,427877,0.048424705116705005,155525,119320,0.08339085374986203,76516,354,25,279,658,427877,0.08339085374986203,155525,25,329,354,0.08413099981238224,658,648,279,255,1324,329,2227,393,0.048424705116705005,232041,76516,
3809,0.1398459371849732,3650,744,3065,8203,119320,232041,427877,0.07309233756017758,155525,119320,0.08339085374986203,76516,1598,252,1340,3190,427877,0.08339085374986203,155525,252,1346,1598,0.1398459371849732,3190,3809,1340,744,3650,1346,8203,3065,0.07309233756017758,232041,76516,
3809,0.1398459371849732,3650,744,3065,8203,119320,232041,427877,0.07309233756017758,155525,119320,0.08339085374986203,76516,1598,252,1340,3190,427877,0.08339085374986203,155525,252,1346,1598,0.1398459371849732,3190,3809,1340,744,3650,1346,8203,3065,0.07309233756017758,232041,76516,
3809,0.1398459371849732,3650,744,3065,8203,119320,232041,427877,0.07309233756017758,155525,119320,0.08339085374986203,76516,1598,252,1340,3190,427877,0.08339085374986203,155525,252,1346,1598,0.1398459371849732,3190,3809,1340,744,3650,1346,8203,3065,0.07309233756017758,232041,76516,
3809,0.1398459371849732,3650,744,3065,8203,119320,232041,427877,0.07309233756017758,155525,119320,0.08339085374986203,76516,1598,252,1340,3190,427877,0.08339085374986203,155525,252,1346,1598,0.1398459371849732,3190,3809,1340,744,3650,1346,8203,3065,0.07309233756017758,232041,76516,
3809,0.1398459371849732,3650,744,3065,8203,119320,232041,427877,0.07309233756017758,155525,119320,0.08339085374986203,76516,1598,252,1340,3190,427877,0.08339085374986203,155525,252,1346,1598,0.1398459371849732,3190,3809,1340,744,3650,1346,8203,3065,0.07309233756017758,232041,76516,
3809,0.1398459371849732,3650,744,3065,8203,119320,232041,427877,0.07309233756017758,155525,119320,0.08339085374986203,76516,1598,252,1340,3190,427877,0.08339085374986203,155525,252,1346,1598,0.1398459371849732,3190,3809,1340,744,3650,1346,8203,3065,0.07309233756017758,232041,76516,
3809,0.1398459371849732,3650,744,3065,8203,119320,232041,427877,0.07309233756017758,155525,119320,0.08339085374986203,76516,1598,252,1340,3190,427877,0.08339085374986203,155525,252,1346,1598,0.1398459371849732,3190,3809,1340,744,3650,1346,8203,3065,0.07309233756017758,232041,76516,
3809,0.1398459371849732,3650,744,3065,8203,119320,232041,427877,0.07309233756017758,155525,119320,0.08339085374986203,76516,1598,252,1340,3190,427877,0.08339085374986203,155525,252,1346,1598,0.1398459371849732,3190,3809,1340,744,3650,1346,8203,3065,0.07309233756017758,232041,76516,
3809,0.1398459371849732,3650,744,3065,8203,119320,232041,427877,0.07309233756017758,155525,119320,0.08339085374986203,76516,1598,252,1340,3190,427877,0.08339085374986203,155525,252,1346,1598,0.1398459371849732,3190,3809,1340,744,3650,1346,8203,3065,0.07309233756017758,232041,76516,
3809,0.1398459371849732,3650,744,3065,8203,119320,232041,427877,0.07309233756017758,155525,119320,0.08339085374986203,76516,1598,252,1340,3190,427877,0.08339085374986203,155525,252,1346,1598,0.1398459371849732,3190,3809,1340,744,3650,1346,8203,3065,0.07309233756017758,232041,76516,
3809,0.1398459371849732,3650,744,3065,8203,119320,232041,427877,0.07309233756017758,155525,119320,0.08339085374986203,76516,1598,252,1340,3190,427877,0.08339085374986203,155525,252,1346,1598,0.1398459371849732,3190,3809,1340,744,3650,1346,8203,3065,0.07309233756017758,232041,76516,
3809,0.1398459371849732,3650,744,3065,8203,119320,232041,427877,0.07309233756017758,155525,119320,0.08339085374986203,76516,1598,252,1340,3190,427877,0.08339085374986203,155525,252,1346,1598,0.1398459371849732,3190,3809,1340,744,3650,1346,8203,3065,0.07309233756017758,232041,76516,
3809,0.10638227464929936,3650,744,3065,8203,119320,232041,427877,0.07309233756017758,155525,119320,0.08339085374986203,76516,744,67,763,1574,427877,0.08339085374986203,155525,67,677,744,0.10638227464929936,1574,3809,763,744,3650,677,8203,3065,0.07309233756017758,232041,76516,
3809,0.10638227464929936,3650,744,3065,8203,119320,232041,427877,0.07309233756017758,155525,119320,0.08339085374986203,76516,744,67,763,1574,427877,0.08339085374986203,155525,67,677,744,0.10638227464929936,1574,3809,763,744,3650,677,8203,3065,0.07309233756017758,232041,76516,
3809,0.14871389418275402,3650,744,3065,8203,119320,232041,427877,0.07309233756017758,155525,119320,0.08339085374986203,76516,584,149,500,1233,427877,0.08339085374986203,155525,149,435,584,0.14871389418275402,1233,3809,500,744,3650,435,8203,3065,0.07309233756017758,232041,76516,
3809,0.1108308682063667,3650,744,3065,8203,119320,232041,427877,0.07309233756017758,155525,119320,0.08339085374986203,76516,98,78,130,306,427877,0.08339085374986203,155525,78,20,98,0.1108308682063667,306,3809,130,744,3650,20,8203,3065,0.07309233756017758,232041,76516,
3809,0.02082980203385815,3650,744,3065,8203,119320,232041,427877,0.07309233756017758,155525,119320,0.08339085374986203,76516,146,9,130,285,427877,0.08339085374986203,155525,9,137,146,0.02082980203385815,285,3809,130,744,3650,137,8203,3065,0.07309233756017758,232041,76516,
3809,0.02082980203385815,3650,744,3065,8203,119320,232041,427877,0.07309233756017758,155525,119320,0.08339085374986203,76516,146,9,130,285,427877,0.08339085374986203,155525,9,137,146,0.02082980203385815,285,3809,130,744,3650,137,8203,3065,0.07309233756017758,232041,76516,
939,0.09413625536888347,1420,293,646,2652,119320,232041,427877,0.0598645686386338,155525,119320,0.08339085374986203,76516,649,103,570,1322,427877,0.08339085374986203,155525,103,546,649,0.09413625536888347,1322,939,570,293,1420,546,2652,646,0.0598645686386338,232041,76516,
939,0.12664162623866546,1420,293,646,2652,119320,232041,427877,0.0598645686386338,155525,119320,0.08339085374986203,76516,204,172,832,1208,427877,0.08339085374986203,155525,172,32,204,0.12664162623866546,1208,939,832,293,1420,32,2652,646,0.0598645686386338,232041,76516,
2386,0.2369506280591966,3454,1275,1111,7115,119320,232041,427877,0.09013595125174567,155525,119320,0.08339085374986203,76516,1192,956,2467,4615,427877,0.08339085374986203,155525,956,236,1192,0.2369506280591966,4615,2386,2467,1275,3454,236,7115,1111,0.09013595125174567,232041,76516,
2386,0.2369506280591966,3454,1275,1111,7115,119320,232041,427877,0.09013595125174567,155525,119320,0.08339085374986203,76516,1192,956,2467,4615,427877,0.08339085374986203,155525,956,236,1192,0.2369506280591966,4615,2386,2467,1275,3454,236,7115,1111,0.09013595125174567,232041,76516,
2386,0.2369506280591966,3454,1275,1111,7115,119320,232041,427877,0.09013595125174567,155525,119320,0.08339085374986203,76516,1192,956,2467,4615,427877,0.08339085374986203,155525,956,236,1192,0.2369506280591966,4615,2386,2467,1275,3454,236,7115,1111,0.09013595125174567,232041,76516,
2386,0.2369506280591966,3454,1275,1111,7115,119320,232041,427877,0.09013595125174567,155525,119320,0.08339085374986203,76516,1192,956,2467,4615,427877,0.08339085374986203,155525,956,236,1192,0.2369506280591966,4615,2386,2467,1275,3454,236,7115,1111,0.09013595125174567,232041,76516,
2386,0.2369506280591966,3454,1275,1111,7115,119320,232041,427877,0.09013595125174567,155525,119320,0.08339085374986203,76516,1192,956,2467,4615,427877,0.08339085374986203,155525,956,236,1192,0.2369506280591966,4615,2386,2467,1275,3454,236,7115,1111,0.09013595125174567,232041,76516,
2386,0.2369506280591966,3454,1275,1111,7115,119320,232041,427877,0.09013595125174567,155525,119320,0.08339085374986203,76516,1192,956,2467,4615,427877,0.08339085374986203,155525,956,236,1192,0.2369506280591966,4615,2386,2467,1275,3454,236,7115,1111,0.09013595125174567,232041,76516,
2386,0.2369506280591966,3454,1275,1111,7115,119320,232041,427877,0.09013595125174567,155525,119320,0.08339085374986203,76516,1192,956,2467,4615,427877,0.08339085374986203,155525,956,236,1192,0.2369506280591966,4615,2386,2467,1275,3454,236,7115,1111,0.09013595125174567,232041,76516,
2386,0.08903929757748343,3454,1275,1111,7115,119320,232041,427877,0.09013595125174567,155525,119320,0.08339085374986203,76516,1104,307,969,2380,427877,0.08339085374986203,155525,307,797,1104,0.08903929757748343,2380,2386,969,1275,3454,797,7115,1111,0.09013595125174567,232041,76516,
2386,0.08903929757748343,3454,1275,1111,7115,119320,232041,427877,0.09013595125174567,155525,119320,0.08339085374986203,76516,1104,307,969,2380,427877,0.08339085374986203,155525,307,797,1104,0.08903929757748343,2380,2386,969,1275,3454,797,7115,1111,0.09013595125174567,232041,76516,
2386,0.08903929757748343,3454,1275,1111,7115,119320,232041,427877,0.09013595125174567,155525,119320,0.08339085374986203,76516,1104,307,969,2380,427877,0.08339085374986203,155525,307,797,1104,0.08903929757748343,2380,2386,969,1275,3454,797,7115,1111,0.09013595125174567,232041,76516,
4244,0.22212689271738503,331,906,3338,5481,119320,232041,427877,0.17599269624570332,155525,119320,0.08339085374986203,76516,1392,290,46,1728,427877,0.08339085374986203,155525,290,1102,1392,0.22212689271738503,1728,4244,46,906,331,1102,5481,3338,0.17599269624570332,232041,76516,
4244,0.22212689271738503,331,906,3338,5481,119320,232041,427877,0.17599269624570332,155525,119320,0.08339085374986203,76516,1392,290,46,1728,427877,0.08339085374986203,155525,290,1102,1392,0.22212689271738503,1728,4244,46,906,331,1102,5481,3338,0.17599269624570332,232041,76516,
4244,0.22212689271738503,331,906,3338,5481,119320,232041,427877,0.17599269624570332,155525,119320,0.08339085374986203,76516,1392,290,46,1728,427877,0.08339085374986203,155525,290,1102,1392,0.22212689271738503,1728,4244,46,906,331,1102,5481,3338,0.17599269624570332,232041,76516,
4244,0.22212689271738503,331,906,3338,5481,119320,232041,427877,0.17599269624570332,155525,119320,0.08339085374986203,76516,1392,290,46,1728,427877,0.08339085374986203,155525,290,1102,1392,0.22212689271738503,1728,4244,46,906,331,1102,5481,3338,0.17599269624570332,232041,76516,
4244,0.22212689271738503,331,906,3338,5481,119320,232041,427877,0.17599269624570332,155525,119320,0.08339085374986203,76516,1392,290,46,1728,427877,0.08339085374986203,155525,290,1102,1392,0.22212689271738503,1728,4244,46,906,331,1102,5481,3338,0.17599269624570332,232041,76516,
4244,0.22212689271738503,331,906,3338,5481,119320,232041,427877,0.17599269624570332,155525,119320,0.08339085374986203,76516,1392,290,46,1728,427877,0.08339085374986203,155525,290,1102,1392,0.22212689271738503,1728,4244,46,906,331,1102,5481,3338,0.17599269624570332,232041,76516,
4244,0.22212689271738503,331,906,3338,5481,119320,232041,427877,0.17599269624570332,155525,119320,0.08339085374986203,76516,1392,290,46,1728,427877,0.08339085374986203,155525,290,1102,1392,0.22212689271738503,1728,4244,46,906,331,1102,5481,3338,0.17599269624570332,232041,76516,
4244,0.22212689271738503,331,906,3338,5481,119320,232041,427877,0.17599269624570332,155525,119320,0.08339085374986203,76516,1392,290,46,1728,427877,0.08339085374986203,155525,290,1102,1392,0.22212689271738503,1728,4244,46,906,331,1102,5481,3338,0.17599269624570332,232041,76516,
4244,0.22212689271738503,331,906,3338,5481,119320,232041,427877,0.17599269624570332,155525,119320,0.08339085374986203,76516,1392,290,46,1728,427877,0.08339085374986203,155525,290,1102,1392,0.22212689271738503,1728,4244,46,906,331,1102,5481,3338,0.17599269624570332,232041,76516,
4244,0.22212689271738503,331,906,3338,5481,119320,232041,427877,0.17599269624570332,155525,119320,0.08339085374986203,76516,1392,290,46,1728,427877,0.08339085374986203,155525,290,1102,1392,0.22212689271738503,1728,4244,46,906,331,1102,5481,3338,0.17599269624570332,232041,76516,
4244,0.22212689271738503,331,906,3338,5481,119320,232041,427877,0.17599269624570332,155525,119320,0.08339085374986203,76516,1392,290,46,1728,427877,0.08339085374986203,155525,290,1102,1392,0.22212689271738503,1728,4244,46,906,331,1102,5481,3338,0.17599269624570332,232041,76516,
4244,0.2383292711178609,331,906,3338,5481,119320,232041,427877,0.17599269624570332,155525,119320,0.08339085374986203,76516,341,89,39,469,427877,0.08339085374986203,155525,89,252,341,0.2383292711178609,469,4244,39,906,331,252,5481,3338,0.17599269624570332,232041,76516,
4244,0.18323097998450277,331,906,3338,5481,119320,232041,427877,0.17599269624570332,155525,119320,0.08339085374986203,76516,1872,469,87,2428,427877,0.08339085374986203,155525,469,1403,1872,0.18323097998450277,2428,4244,87,906,331,1403,5481,3338,0.17599269624570332,232041,76516,
4244,0.18323097998450277,331,906,3338,5481,119320,232041,427877,0.17599269624570332,155525,119320,0.08339085374986203,76516,1872,469,87,2428,427877,0.08339085374986203,155525,469,1403,1872,0.18323097998450277,2428,4244,87,906,331,1403,5481,3338,0.17599269624570332,232041,76516,
4244,0.18323097998450277,331,906,3338,5481,119320,232041,427877,0.17599269624570332,155525,119320,0.08339085374986203,76516,1872,469,87,2428,427877,0.08339085374986203,155525,469,1403,1872,0.18323097998450277,2428,4244,87,906,331,1403,5481,3338,0.17599269624570332,232041,76516,
4244,0.18323097998450277,331,906,3338,5481,119320,232041,427877,0.17599269624570332,155525,119320,0.08339085374986203,76516,1872,469,87,2428,427877,0.08339085374986203,155525,469,1403,1872,0.18323097998450277,2428,4244,87,906,331,1403,5481,3338,0.17599269624570332,232041,76516,
4244,0.18323097998450277,331,906,3338,5481,119320,232041,427877,0.17599269624570332,155525,119320,0.08339085374986203,76516,1872,469,87,2428,427877,0.08339085374986203,155525,469,1403,1872,0.18323097998450277,2428,4244,87,906,331,1403,5481,3338,0.17599269624570332,232041,76516,
4244,0.18323097998450277,331,906,3338,5481,119320,232041,427877,0.17599269624570332,155525,119320,0.08339085374986203,76516,1872,469,87,2428,427877,0.08339085374986203,155525,469,1403,1872,0.18323097998450277,2428,4244,87,906,331,1403,5481,3338,0.17599269624570332,232041,76516,
4244,0.18323097998450277,331,906,3338,5481,119320,232041,427877,0.17599269624570332,155525,119320,0.08339085374986203,76516,1872,469,87,2428,427877,0.08339085374986203,155525,469,1403,1872,0.18323097998450277,2428,4244,87,906,331,1403,5481,3338,0.17599269624570332,232041,76516,
4244,0.18323097998450277,331,906,3338,5481,119320,232041,427877,0.17599269624570332,155525,119320,0.08339085374986203,76516,1872,469,87,2428,427877,0.08339085374986203,155525,469,1403,1872,0.18323097998450277,2428,4244,87,906,331,1403,5481,3338,0.17599269624570332,232041,76516,
4244,0.18323097998450277,331,906,3338,5481,119320,232041,427877,0.17599269624570332,155525,119320,0.08339085374986203,76516,1872,469,87,2428,427877,0.08339085374986203,155525,469,1403,1872,0.18323097998450277,2428,4244,87,906,331,1403,5481,3338,0.17599269624570332,232041,76516,
4244,0.030776638619775674,331,906,3338,5481,119320,232041,427877,0.17599269624570332,155525,119320,0.08339085374986203,76516,286,9,0,295,427877,0.08339085374986203,155525,9,277,286,0.030776638619775674,295,4244,0,906,331,277,5481,3338,0.17599269624570332,232041,76516,
4244,0.030776638619775674,331,906,3338,5481,119320,232041,427877,0.17599269624570332,155525,119320,0.08339085374986203,76516,286,9,0,295,427877,0.08339085374986203,155525,9,277,286,0.030776638619775674,295,4244,0,906,331,277,5481,3338,0.17599269624570332,232041,76516,
4244,0.11059581279464772,331,906,3338,5481,119320,232041,427877,0.17599269624570332,155525,119320,0.08339085374986203,76516,66,28,0,94,427877,0.08339085374986203,155525,28,38,66,0.11059581279464772,94,4244,0,906,331,38,5481,3338,0.17599269624570332,232041,76516,
4244,0.11059581279464772,331,906,3338,5481,119320,232041,427877,0.17599269624570332,155525,119320,0.08339085374986203,76516,66,28,0,94,427877,0.08339085374986203,155525,28,38,66,0.11059581279464772,94,4244,0,906,331,38,5481,3338,0.17599269624570332,232041,76516,
4244,0.11059581279464772,331,906,3338,5481,119320,232041,427877,0.17599269624570332,155525,119320,0.08339085374986203,76516,66,28,0,94,427877,0.08339085374986203,155525,28,38,66,0.11059581279464772,94,4244,0,906,331,38,5481,3338,0.17599269624570332,232041,76516,
4244,0.11059581279464772,331,906,3338,5481,119320,232041,427877,0.17599269624570332,155525,119320,0.08339085374986203,76516,66,28,0,94,427877,0.08339085374986203,155525,28,38,66,0.11059581279464772,94,4244,0,906,331,38,5481,3338,0.17599269624570332,232041,76516,
4244,0.11059581279464772,331,906,3338,5481,119320,232041,427877,0.17599269624570332,155525,119320,0.08339085374986203,76516,66,28,0,94,427877,0.08339085374986203,155525,28,38,66,0.11059581279464772,94,4244,0,906,331,38,5481,3338,0.17599269624570332,232041,76516,
4244,0.11059581279464772,331,906,3338,5481,119320,232041,427877,0.17599269624570332,155525,119320,0.08339085374986203,76516,66,28,0,94,427877,0.08339085374986203,155525,28,38,66,0.11059581279464772,94,4244,0,906,331,38,5481,3338,0.17599269624570332,232041,76516,
4244,0.11059581279464772,331,906,3338,5481,119320,232041,427877,0.17599269624570332,155525,119320,0.08339085374986203,76516,66,28,0,94,427877,0.08339085374986203,155525,28,38,66,0.11059581279464772,94,4244,0,906,331,38,5481,3338,0.17599269624570332,232041,76516,
4244,0.11059581279464772,331,906,3338,5481,119320,232041,427877,0.17599269624570332,155525,119320,0.08339085374986203,76516,66,28,0,94,427877,0.08339085374986203,155525,28,38,66,0.11059581279464772,94,4244,0,906,331,38,5481,3338,0.17599269624570332,232041,76516,
4244,0.11059581279464772,331,906,3338,5481,119320,232041,427877,0.17599269624570332,155525,119320,0.08339085374986203,76516,66,28,0,94,427877,0.08339085374986203,155525,28,38,66,0.11059581279464772,94,4244,0,906,331,38,5481,3338,0.17599269624570332,232041,76516,
371,0.11639464800700854,15,305,66,691,119320,232041,427877,0.1085923241603296,155525,119320,0.08339085374986203,76516,166,139,9,314,427877,0.08339085374986203,155525,139,27,166,0.11639464800700854,314,371,9,305,15,27,691,66,0.1085923241603296,232041,76516,
371,0.11639464800700854,15,305,66,691,119320,232041,427877,0.1085923241603296,155525,119320,0.08339085374986203,76516,166,139,9,314,427877,0.08339085374986203,155525,139,27,166,0.11639464800700854,314,371,9,305,15,27,691,66,0.1085923241603296,232041,76516,
371,0.11639464800700854,15,305,66,691,119320,232041,427877,0.1085923241603296,155525,119320,0.08339085374986203,76516,166,139,9,314,427877,0.08339085374986203,155525,139,27,166,0.11639464800700854,314,371,9,305,15,27,691,66,0.1085923241603296,232041,76516,
371,0.11639464800700854,15,305,66,691,119320,232041,427877,0.1085923241603296,155525,119320,0.08339085374986203,76516,166,139,9,314,427877,0.08339085374986203,155525,139,27,166,0.11639464800700854,314,371,9,305,15,27,691,66,0.1085923241603296,232041,76516,
371,0.11639464800700854,15,305,66,691,119320,232041,427877,0.1085923241603296,155525,119320,0.08339085374986203,76516,166,139,9,314,427877,0.08339085374986203,155525,139,27,166,0.11639464800700854,314,371,9,305,15,27,691,66,0.1085923241603296,232041,76516,
371,0.11639464800700854,15,305,66,691,119320,232041,427877,0.1085923241603296,155525,119320,0.08339085374986203,76516,166,139,9,314,427877,0.08339085374986203,155525,139,27,166,0.11639464800700854,314,371,9,305,15,27,691,66,0.1085923241603296,232041,76516,
371,0.11639464800700854,15,305,66,691,119320,232041,427877,0.1085923241603296,155525,119320,0.08339085374986203,76516,166,139,9,314,427877,0.08339085374986203,155525,139,27,166,0.11639464800700854,314,371,9,305,15,27,691,66,0.1085923241603296,232041,76516,
149,0.019764808364255947,43,20,129,212,119320,232041,427877,0.02614446338486746,155525,119320,0.08339085374986203,76516,35,1,0,36,427877,0.08339085374986203,155525,1,34,35,0.019764808364255947,36,149,0,20,43,34,212,129,0.02614446338486746,232041,76516,
149,0.019764808364255947,43,20,129,212,119320,232041,427877,0.02614446338486746,155525,119320,0.08339085374986203,76516,35,1,0,36,427877,0.08339085374986203,155525,1,34,35,0.019764808364255947,36,149,0,20,43,34,212,129,0.02614446338486746,232041,76516,
149,0.05047828198756288,43,20,129,212,119320,232041,427877,0.02614446338486746,155525,119320,0.08339085374986203,76516,109,14,40,163,427877,0.08339085374986203,155525,14,95,109,0.05047828198756288,163,149,40,20,43,95,212,129,0.02614446338486746,232041,76516,
149,0.05047828198756288,43,20,129,212,119320,232041,427877,0.02614446338486746,155525,119320,0.08339085374986203,76516,109,14,40,163,427877,0.08339085374986203,155525,14,95,109,0.05047828198756288,163,149,40,20,43,95,212,129,0.02614446338486746,232041,76516,
149,0.05047828198756288,43,20,129,212,119320,232041,427877,0.02614446338486746,155525,119320,0.08339085374986203,76516,109,14,40,163,427877,0.08339085374986203,155525,14,95,109,0.05047828198756288,163,149,40,20,43,95,212,129,0.02614446338486746,232041,76516,
481,0.08710857043831707,0,47,434,528,119320,232041,427877,0.07907383369397858,155525,119320,0.08339085374986203,76516,40,44,0,84,427877,0.08339085374986203,155525,44,-4,40,0.08710857043831707,84,481,0,47,0,-4,528,434,0.07907383369397858,232041,76516,
481,0.08710857043831707,0,47,434,528,119320,232041,427877,0.07907383369397858,155525,119320,0.08339085374986203,76516,40,44,0,84,427877,0.08339085374986203,155525,44,-4,40,0.08710857043831707,84,481,0,47,0,-4,528,434,0.07907383369397858,232041,76516,
481,0.08710857043831707,0,47,434,528,119320,232041,427877,0.07907383369397858,155525,119320,0.08339085374986203,76516,40,44,0,84,427877,0.08339085374986203,155525,44,-4,40,0.08710857043831707,84,481,0,47,0,-4,528,434,0.07907383369397858,232041,76516,
481,0.08710857043831707,0,47,434,528,119320,232041,427877,0.07907383369397858,155525,119320,0.08339085374986203,76516,40,44,0,84,427877,0.08339085374986203,155525,44,-4,40,0.08710857043831707,84,481,0,47,0,-4,528,434,0.07907383369397858,232041,76516,
481,0.08710857043831707,0,47,434,528,119320,232041,427877,0.07907383369397858,155525,119320,0.08339085374986203,76516,40,44,0,84,427877,0.08339085374986203,155525,44,-4,40,0.08710857043831707,84,481,0,47,0,-4,528,434,0.07907383369397858,232041,76516,
481,0.08710857043831707,0,47,434,528,119320,232041,427877,0.07907383369397858,155525,119320,0.08339085374986203,76516,40,44,0,84,427877,0.08339085374986203,155525,44,-4,40,0.08710857043831707,84,481,0,47,0,-4,528,434,0.07907383369397858,232041,76516,
1907,0.11880203795738399,2321,1405,502,5633,119320,232041,427877,0.06775355936431789,155525,119320,0.08339085374986203,76516,272,3,12,287,427877,0.08339085374986203,155525,3,269,272,0.11880203795738399,287,1907,12,1405,2321,269,5633,502,0.06775355936431789,232041,76516,
1907,0.11880203795738399,2321,1405,502,5633,119320,232041,427877,0.06775355936431789,155525,119320,0.08339085374986203,76516,272,3,12,287,427877,0.08339085374986203,155525,3,269,272,0.11880203795738399,287,1907,12,1405,2321,269,5633,502,0.06775355936431789,232041,76516,
1907,0.0014709969887409754,2321,1405,502,5633,119320,232041,427877,0.06775355936431789,155525,119320,0.08339085374986203,76516,2,3,2,7,427877,0.08339085374986203,155525,3,-1,2,0.0014709969887409754,7,1907,2,1405,2321,-1,5633,502,0.06775355936431789,232041,76516,
1907,0.0014709969887409754,2321,1405,502,5633,119320,232041,427877,0.06775355936431789,155525,119320,0.08339085374986203,76516,2,3,2,7,427877,0.08339085374986203,155525,3,-1,2,0.0014709969887409754,7,1907,2,1405,2321,-1,5633,502,0.06775355936431789,232041,76516,
1907,0.0014709969887409754,2321,1405,502,5633,119320,232041,427877,0.06775355936431789,155525,119320,0.08339085374986203,76516,2,3,2,7,427877,0.08339085374986203,155525,3,-1,2,0.0014709969887409754,7,1907,2,1405,2321,-1,5633,502,0.06775355936431789,232041,76516,
1907,0.0014709969887409754,2321,1405,502,5633,119320,232041,427877,0.06775355936431789,155525,119320,0.08339085374986203,76516,2,3,2,7,427877,0.08339085374986203,155525,3,-1,2,0.0014709969887409754,7,1907,2,1405,2321,-1,5633,502,0.06775355936431789,232041,76516,
1907,0.2681013690114851,2321,1405,502,5633,119320,232041,427877,0.06775355936431789,155525,119320,0.08339085374986203,76516,251,63,4,318,427877,0.08339085374986203,155525,63,188,251,0.2681013690114851,318,1907,4,1405,2321,188,5633,502,0.06775355936431789,232041,76516,
1907,0.2681013690114851,2321,1405,502,5633,119320,232041,427877,0.06775355936431789,155525,119320,0.08339085374986203,76516,251,63,4,318,427877,0.08339085374986203,155525,63,188,251,0.2681013690114851,318,1907,4,1405,2321,188,5633,502,0.06775355936431789,232041,76516,
1907,0.1299099987963692,2321,1405,502,5633,119320,232041,427877,0.06775355936431789,155525,119320,0.08339085374986203,76516,79,247,2,328,427877,0.08339085374986203,155525,247,-168,79,0.1299099987963692,328,1907,2,1405,2321,-168,5633,502,0.06775355936431789,232041,76516,
1907,0.024184314565148884,2321,1405,502,5633,119320,232041,427877,0.06775355936431789,155525,119320,0.08339085374986203,76516,327,36,2,365,427877,0.08339085374986203,155525,36,291,327,0.024184314565148884,365,1907,2,1405,2321,291,5633,502,0.06775355936431789,232041,76516,
1907,8.379456812842223E-4,2321,1405,502,5633,119320,232041,427877,0.06775355936431789,155525,119320,0.08339085374986203,76516,7,7,2,16,427877,0.08339085374986203,155525,7,0,7,8.379456812842223E-4,16,1907,2,1405,2321,0,5633,502,0.06775355936431789,232041,76516,
4331,0.17813922227572304,3096,765,3566,8192,119320,232041,427877,0.08346773348963347,155525,119320,0.08339085374986203,76516,62,96,15,173,427877,0.08339085374986203,155525,96,-34,62,0.17813922227572304,173,4331,15,765,3096,-34,8192,3566,0.08346773348963347,232041,76516,
4331,0.17813922227572304,3096,765,3566,8192,119320,232041,427877,0.08346773348963347,155525,119320,0.08339085374986203,76516,62,96,15,173,427877,0.08339085374986203,155525,96,-34,62,0.17813922227572304,173,4331,15,765,3096,-34,8192,3566,0.08346773348963347,232041,76516,
4331,0.17813922227572304,3096,765,3566,8192,119320,232041,427877,0.08346773348963347,155525,119320,0.08339085374986203,76516,62,96,15,173,427877,0.08339085374986203,155525,96,-34,62,0.17813922227572304,173,4331,15,765,3096,-34,8192,3566,0.08346773348963347,232041,76516,
4331,0.17813922227572304,3096,765,3566,8192,119320,232041,427877,0.08346773348963347,155525,119320,0.08339085374986203,76516,62,96,15,173,427877,0.08339085374986203,155525,96,-34,62,0.17813922227572304,173,4331,15,765,3096,-34,8192,3566,0.08346773348963347,232041,76516,
4331,0.08317106681416896,3096,765,3566,8192,119320,232041,427877,0.08346773348963347,155525,119320,0.08339085374986203,76516,215,10,7,232,427877,0.08339085374986203,155525,10,205,215,0.08317106681416896,232,4331,7,765,3096,205,8192,3566,0.08346773348963347,232041,76516,
4331,0.08878646298803139,3096,765,3566,8192,119320,232041,427877,0.08346773348963347,155525,119320,0.08339085374986203,76516,159,67,483,709,427877,0.08339085374986203,155525,67,92,159,0.08878646298803139,709,4331,483,765,3096,92,8192,3566,0.08346773348963347,232041,76516,
4331,0.08878646298803139,3096,765,3566,8192,119320,232041,427877,0.08346773348963347,155525,119320,0.08339085374986203,76516,159,67,483,709,427877,0.08339085374986203,155525,67,92,159,0.08878646298803139,709,4331,483,765,3096,92,8192,3566,0.08346773348963347,232041,76516,
4331,0.08878646298803139,3096,765,3566,8192,119320,232041,427877,0.08346773348963347,155525,119320,0.08339085374986203,76516,159,67,483,709,427877,0.08339085374986203,155525,67,92,159,0.08878646298803139,709,4331,483,765,3096,92,8192,3566,0.08346773348963347,232041,76516,
4331,0.0957858958243777,3096,765,3566,8192,119320,232041,427877,0.08346773348963347,155525,119320,0.08339085374986203,76516,44,75,615,734,427877,0.08339085374986203,155525,75,-31,44,0.0957858958243777,734,4331,615,765,3096,-31,8192,3566,0.08346773348963347,232041,76516,
4331,0.0957858958243777,3096,765,3566,8192,119320,232041,427877,0.08346773348963347,155525,119320,0.08339085374986203,76516,44,75,615,734,427877,0.08339085374986203,155525,75,-31,44,0.0957858958243777,734,4331,615,765,3096,-31,8192,3566,0.08346773348963347,232041,76516,
4331,0.0957858958243777,3096,765,3566,8192,119320,232041,427877,0.08346773348963347,155525,119320,0.08339085374986203,76516,44,75,615,734,427877,0.08339085374986203,155525,75,-31,44,0.0957858958243777,734,4331,615,765,3096,-31,8192,3566,0.08346773348963347,232041,76516,
4331,0.0957858958243777,3096,765,3566,8192,119320,232041,427877,0.08346773348963347,155525,119320,0.08339085374986203,76516,44,75,615,734,427877,0.08339085374986203,155525,75,-31,44,0.0957858958243777,734,4331,615,765,3096,-31,8192,3566,0.08346773348963347,232041,76516,
4331,0.0957858958243777,3096,765,3566,8192,119320,232041,427877,0.08346773348963347,155525,119320,0.08339085374986203,76516,44,75,615,734,427877,0.08339085374986203,155525,75,-31,44,0.0957858958243777,734,4331,615,765,3096,-31,8192,3566,0.08346773348963347,232041,76516,
4331,0.1829417006908756,3096,765,3566,8192,119320,232041,427877,0.08346773348963347,155525,119320,0.08339085374986203,76516,1764,126,79,1969,427877,0.08339085374986203,155525,126,1638,1764,0.1829417006908756,1969,4331,79,765,3096,1638,8192,3566,0.08346773348963347,232041,76516,
4331,0.1829417006908756,3096,765,3566,8192,119320,232041,427877,0.08346773348963347,155525,119320,0.08339085374986203,76516,1764,126,79,1969,427877,0.08339085374986203,155525,126,1638,1764,0.1829417006908756,1969,4331,79,765,3096,1638,8192,3566,0.08346773348963347,232041,76516,
4331,0.1829417006908756,3096,765,3566,8192,119320,232041,427877,0.08346773348963347,155525,119320,0.08339085374986203,76516,1764,126,79,1969,427877,0.08339085374986203,155525,126,1638,1764,0.1829417006908756,1969,4331,79,765,3096,1638,8192,3566,0.08346773348963347,232041,76516,
4331,0.1829417006908756,3096,765,3566,8192,119320,232041,427877,0.08346773348963347,155525,119320,0.08339085374986203,76516,1764,126,79,1969,427877,0.08339085374986203,155525,126,1638,1764,0.1829417006908756,1969,4331,79,765,3096,1638,8192,3566,0.08346773348963347,232041,76516,
4331,0.1829417006908756,3096,765,3566,8192,119320,232041,427877,0.08346773348963347,155525,119320,0.08339085374986203,76516,1764,126,79,1969,427877,0.08339085374986203,155525,126,1638,1764,0.1829417006908756,1969,4331,79,765,3096,1638,8192,3566,0.08346773348963347,232041,76516,
4331,0.1829417006908756,3096,765,3566,8192,119320,232041,427877,0.08346773348963347,155525,119320,0.08339085374986203,76516,1764,126,79,1969,427877,0.08339085374986203,155525,126,1638,1764,0.1829417006908756,1969,4331,79,765,3096,1638,8192,3566,0.08346773348963347,232041,76516,
4331,0.1829417006908756,3096,765,3566,8192,119320,232041,427877,0.08346773348963347,155525,119320,0.08339085374986203,76516,1764,126,79,1969,427877,0.08339085374986203,155525,126,1638,1764,0.1829417006908756,1969,4331,79,765,3096,1638,8192,3566,0.08346773348963347,232041,76516,
4331,0.1829417006908756,3096,765,3566,8192,119320,232041,427877,0.08346773348963347,155525,119320,0.08339085374986203,76516,1764,126,79,1969,427877,0.08339085374986203,155525,126,1638,1764,0.1829417006908756,1969,4331,79,765,3096,1638,8192,3566,0.08346773348963347,232041,76516,
4331,0.1829417006908756,3096,765,3566,8192,119320,232041,427877,0.08346773348963347,155525,119320,0.08339085374986203,76516,1764,126,79,1969,427877,0.08339085374986203,155525,126,1638,1764,0.1829417006908756,1969,4331,79,765,3096,1638,8192,3566,0.08346773348963347,232041,76516,
4331,0.1829417006908756,3096,765,3566,8192,119320,232041,427877,0.08346773348963347,155525,119320,0.08339085374986203,76516,1764,126,79,1969,427877,0.08339085374986203,155525,126,1638,1764,0.1829417006908756,1969,4331,79,765,3096,1638,8192,3566,0.08346773348963347,232041,76516,
4331,0.14628875362383856,3096,765,3566,8192,119320,232041,427877,0.08346773348963347,155525,119320,0.08339085374986203,76516,353,9,0,362,427877,0.08339085374986203,155525,9,344,353,0.14628875362383856,362,4331,0,765,3096,344,8192,3566,0.08346773348963347,232041,76516,
4331,0.08863342090686253,3096,765,3566,8192,119320,232041,427877,0.08346773348963347,155525,119320,0.08339085374986203,76516,1301,141,1138,2580,427877,0.08339085374986203,155525,141,1160,1301,0.08863342090686253,2580,4331,1138,765,3096,1160,8192,3566,0.08346773348963347,232041,76516,
4331,0.08863342090686253,3096,765,3566,8192,119320,232041,427877,0.08346773348963347,155525,119320,0.08339085374986203,76516,1301,141,1138,2580,427877,0.08339085374986203,155525,141,1160,1301,0.08863342090686253,2580,4331,1138,765,3096,1160,8192,3566,0.08346773348963347,232041,76516,
4331,0.08863342090686253,3096,765,3566,8192,119320,232041,427877,0.08346773348963347,155525,119320,0.08339085374986203,76516,1301,141,1138,2580,427877,0.08339085374986203,155525,141,1160,1301,0.08863342090686253,2580,4331,1138,765,3096,1160,8192,3566,0.08346773348963347,232041,76516,
4331,0.08863342090686253,3096,765,3566,8192,119320,232041,427877,0.08346773348963347,155525,119320,0.08339085374986203,76516,1301,141,1138,2580,427877,0.08339085374986203,155525,141,1160,1301,0.08863342090686253,2580,4331,1138,765,3096,1160,8192,3566,0.08346773348963347,232041,76516,
4331,0.08863342090686253,3096,765,3566,8192,119320,232041,427877,0.08346773348963347,155525,119320,0.08339085374986203,76516,1301,141,1138,2580,427877,0.08339085374986203,155525,141,1160,1301,0.08863342090686253,2580,4331,1138,765,3096,1160,8192,3566,0.08346773348963347,232041,76516,
4331,0.08863342090686253,3096,765,3566,8192,119320,232041,427877,0.08346773348963347,155525,119320,0.08339085374986203,76516,1301,141,1138,2580,427877,0.08339085374986203,155525,141,1160,1301,0.08863342090686253,2580,4331,1138,765,3096,1160,8192,3566,0.08346773348963347,232041,76516,
4331,0.08863342090686253,3096,765,3566,8192,119320,232041,427877,0.08346773348963347,155525,119320,0.08339085374986203,76516,1301,141,1138,2580,427877,0.08339085374986203,155525,141,1160,1301,0.08863342090686253,2580,4331,1138,765,3096,1160,8192,3566,0.08346773348963347,232041,76516,
4331,0.08863342090686253,3096,765,3566,8192,119320,232041,427877,0.08346773348963347,155525,119320,0.08339085374986203,76516,1301,141,1138,2580,427877,0.08339085374986203,155525,141,1160,1301,0.08863342090686253,2580,4331,1138,765,3096,1160,8192,3566,0.08346773348963347,232041,76516,
4331,0.08863342090686253,3096,765,3566,8192,119320,232041,427877,0.08346773348963347,155525,119320,0.08339085374986203,76516,1301,141,1138,2580,427877,0.08339085374986203,155525,141,1160,1301,0.08863342090686253,2580,4331,1138,765,3096,1160,8192,3566,0.08346773348963347,232041,76516,
334,0.005862785710491786,510,128,206,972,119320,232041,427877,0.08113673315935552,155525,119320,0.08339085374986203,76516,8,8,111,127,427877,0.08339085374986203,155525,8,0,8,0.005862785710491786,127,334,111,128,510,0,972,206,0.08113673315935552,232041,76516,
334,0.13550420168067226,510,128,206,972,119320,232041,427877,0.08113673315935552,155525,119320,0.08339085374986203,76516,3,3,0,6,427877,0.08339085374986203,155525,3,0,3,0.13550420168067226,6,334,0,128,510,0,972,206,0.08113673315935552,232041,76516,
334,0.12884870435102902,510,128,206,972,119320,232041,427877,0.08113673315935552,155525,119320,0.08339085374986203,76516,68,38,391,497,427877,0.08339085374986203,155525,38,30,68,0.12884870435102902,497,334,391,128,510,30,972,206,0.08113673315935552,232041,76516,
334,0.12884870435102902,510,128,206,972,119320,232041,427877,0.08113673315935552,155525,119320,0.08339085374986203,76516,68,38,391,497,427877,0.08339085374986203,155525,38,30,68,0.12884870435102902,497,334,391,128,510,30,972,206,0.08113673315935552,232041,76516,
4520,0.16904575017136977,4225,1258,3262,10003,119320,232041,427877,0.12769160468446317,155525,119320,0.08339085374986203,76516,1866,137,1683,3686,427877,0.08339085374986203,155525,137,1729,1866,0.16904575017136977,3686,4520,1683,1258,4225,1729,10003,3262,0.12769160468446317,232041,76516,
4520,0.16904575017136977,4225,1258,3262,10003,119320,232041,427877,0.12769160468446317,155525,119320,0.08339085374986203,76516,1866,137,1683,3686,427877,0.08339085374986203,155525,137,1729,1866,0.16904575017136977,3686,4520,1683,1258,4225,1729,10003,3262,0.12769160468446317,232041,76516,
4520,0.16904575017136977,4225,1258,3262,10003,119320,232041,427877,0.12769160468446317,155525,119320,0.08339085374986203,76516,1866,137,1683,3686,427877,0.08339085374986203,155525,137,1729,1866,0.16904575017136977,3686,4520,1683,1258,4225,1729,10003,3262,0.12769160468446317,232041,76516,
4520,0.16904575017136977,4225,1258,3262,10003,119320,232041,427877,0.12769160468446317,155525,119320,0.08339085374986203,76516,1866,137,1683,3686,427877,0.08339085374986203,155525,137,1729,1866,0.16904575017136977,3686,4520,1683,1258,4225,1729,10003,3262,0.12769160468446317,232041,76516,
4520,0.16904575017136977,4225,1258,3262,10003,119320,232041,427877,0.12769160468446317,155525,119320,0.08339085374986203,76516,1866,137,1683,3686,427877,0.08339085374986203,155525,137,1729,1866,0.16904575017136977,3686,4520,1683,1258,4225,1729,10003,3262,0.12769160468446317,232041,76516,
4520,0.16904575017136977,4225,1258,3262,10003,119320,232041,427877,0.12769160468446317,155525,119320,0.08339085374986203,76516,1866,137,1683,3686,427877,0.08339085374986203,155525,137,1729,1866,0.16904575017136977,3686,4520,1683,1258,4225,1729,10003,3262,0.12769160468446317,232041,76516,
4520,0.18574124528652639,4225,1258,3262,10003,119320,232041,427877,0.12769160468446317,155525,119320,0.08339085374986203,76516,2208,576,94,2878,427877,0.08339085374986203,155525,576,1632,2208,0.18574124528652639,2878,4520,94,1258,4225,1632,10003,3262,0.12769160468446317,232041,76516,
4520,0.18574124528652639,4225,1258,3262,10003,119320,232041,427877,0.12769160468446317,155525,119320,0.08339085374986203,76516,2208,576,94,2878,427877,0.08339085374986203,155525,576,1632,2208,0.18574124528652639,2878,4520,94,1258,4225,1632,10003,3262,0.12769160468446317,232041,76516,
4520,0.18574124528652639,4225,1258,3262,10003,119320,232041,427877,0.12769160468446317,155525,119320,0.08339085374986203,76516,2208,576,94,2878,427877,0.08339085374986203,155525,576,1632,2208,0.18574124528652639,2878,4520,94,1258,4225,1632,10003,3262,0.12769160468446317,232041,76516,
4520,0.18574124528652639,4225,1258,3262,10003,119320,232041,427877,0.12769160468446317,155525,119320,0.08339085374986203,76516,2208,576,94,2878,427877,0.08339085374986203,155525,576,1632,2208,0.18574124528652639,2878,4520,94,1258,4225,1632,10003,3262,0.12769160468446317,232041,76516,
4520,0.18574124528652639,4225,1258,3262,10003,119320,232041,427877,0.12769160468446317,155525,119320,0.08339085374986203,76516,2208,576,94,2878,427877,0.08339085374986203,155525,576,1632,2208,0.18574124528652639,2878,4520,94,1258,4225,1632,10003,3262,0.12769160468446317,232041,76516,
4520,0.18574124528652639,4225,1258,3262,10003,119320,232041,427877,0.12769160468446317,155525,119320,0.08339085374986203,76516,2208,576,94,2878,427877,0.08339085374986203,155525,576,1632,2208,0.18574124528652639,2878,4520,94,1258,4225,1632,10003,3262,0.12769160468446317,232041,76516,
4520,0.18574124528652639,4225,1258,3262,10003,119320,232041,427877,0.12769160468446317,155525,119320,0.08339085374986203,76516,2208,576,94,2878,427877,0.08339085374986203,155525,576,1632,2208,0.18574124528652639,2878,4520,94,1258,4225,1632,10003,3262,0.12769160468446317,232041,76516,
4520,0.18574124528652639,4225,1258,3262,10003,119320,232041,427877,0.12769160468446317,155525,119320,0.08339085374986203,76516,2208,576,94,2878,427877,0.08339085374986203,155525,576,1632,2208,0.18574124528652639,2878,4520,94,1258,4225,1632,10003,3262,0.12769160468446317,232041,76516,
4520,0.18574124528652639,4225,1258,3262,10003,119320,232041,427877,0.12769160468446317,155525,119320,0.08339085374986203,76516,2208,576,94,2878,427877,0.08339085374986203,155525,576,1632,2208,0.18574124528652639,2878,4520,94,1258,4225,1632,10003,3262,0.12769160468446317,232041,76516,
4520,0.15564323758070248,4225,1258,3262,10003,119320,232041,427877,0.12769160468446317,155525,119320,0.08339085374986203,76516,446,545,2431,3422,427877,0.08339085374986203,155525,545,-99,446,0.15564323758070248,3422,4520,2431,1258,4225,-99,10003,3262,0.12769160468446317,232041,76516,
4520,0.15564323758070248,4225,1258,3262,10003,119320,232041,427877,0.12769160468446317,155525,119320,0.08339085374986203,76516,446,545,2431,3422,427877,0.08339085374986203,155525,545,-99,446,0.15564323758070248,3422,4520,2431,1258,4225,-99,10003,3262,0.12769160468446317,232041,76516,
4520,0.15564323758070248,4225,1258,3262,10003,119320,232041,427877,0.12769160468446317,155525,119320,0.08339085374986203,76516,446,545,2431,3422,427877,0.08339085374986203,155525,545,-99,446,0.15564323758070248,3422,4520,2431,1258,4225,-99,10003,3262,0.12769160468446317,232041,76516,
4520,0.15564323758070248,4225,1258,3262,10003,119320,232041,427877,0.12769160468446317,155525,119320,0.08339085374986203,76516,446,545,2431,3422,427877,0.08339085374986203,155525,545,-99,446,0.15564323758070248,3422,4520,2431,1258,4225,-99,10003,3262,0.12769160468446317,232041,76516,
4520,0.15564323758070248,4225,1258,3262,10003,119320,232041,427877,0.12769160468446317,155525,119320,0.08339085374986203,76516,446,545,2431,3422,427877,0.08339085374986203,155525,545,-99,446,0.15564323758070248,3422,4520,2431,1258,4225,-99,10003,3262,0.12769160468446317,232041,76516,
4520,0.15564323758070248,4225,1258,3262,10003,119320,232041,427877,0.12769160468446317,155525,119320,0.08339085374986203,76516,446,545,2431,3422,427877,0.08339085374986203,155525,545,-99,446,0.15564323758070248,3422,4520,2431,1258,4225,-99,10003,3262,0.12769160468446317,232041,76516,
4520,0.15564323758070248,4225,1258,3262,10003,119320,232041,427877,0.12769160468446317,155525,119320,0.08339085374986203,76516,446,545,2431,3422,427877,0.08339085374986203,155525,545,-99,446,0.15564323758070248,3422,4520,2431,1258,4225,-99,10003,3262,0.12769160468446317,232041,76516,
4520,0.15564323758070248,4225,1258,3262,10003,119320,232041,427877,0.12769160468446317,155525,119320,0.08339085374986203,76516,446,545,2431,3422,427877,0.08339085374986203,155525,545,-99,446,0.15564323758070248,3422,4520,2431,1258,4225,-99,10003,3262,0.12769160468446317,232041,76516,
4520,0.15564323758070248,4225,1258,3262,10003,119320,232041,427877,0.12769160468446317,155525,119320,0.08339085374986203,76516,446,545,2431,3422,427877,0.08339085374986203,155525,545,-99,446,0.15564323758070248,3422,4520,2431,1258,4225,-99,10003,3262,0.12769160468446317,232041,76516,
4520,0.15564323758070248,4225,1258,3262,10003,119320,232041,427877,0.12769160468446317,155525,119320,0.08339085374986203,76516,446,545,2431,3422,427877,0.08339085374986203,155525,545,-99,446,0.15564323758070248,3422,4520,2431,1258,4225,-99,10003,3262,0.12769160468446317,232041,76516,
4520,0.15564323758070248,4225,1258,3262,10003,119320,232041,427877,0.12769160468446317,155525,119320,0.08339085374986203,76516,446,545,2431,3422,427877,0.08339085374986203,155525,545,-99,446,0.15564323758070248,3422,4520,2431,1258,4225,-99,10003,3262,0.12769160468446317,232041,76516,
4520,0.15564323758070248,4225,1258,3262,10003,119320,232041,427877,0.12769160468446317,155525,119320,0.08339085374986203,76516,446,545,2431,3422,427877,0.08339085374986203,155525,545,-99,446,0.15564323758070248,3422,4520,2431,1258,4225,-99,10003,3262,0.12769160468446317,232041,76516,
4520,0.15564323758070248,4225,1258,3262,10003,119320,232041,427877,0.12769160468446317,155525,119320,0.08339085374986203,76516,446,545,2431,3422,427877,0.08339085374986203,155525,545,-99,446,0.15564323758070248,3422,4520,2431,1258,4225,-99,10003,3262,0.12769160468446317,232041,76516,
4613,0.10775014118192365,2194,1438,3175,8245,119320,232041,427877,0.10539131899890104,155525,119320,0.08339085374986203,76516,40,64,345,449,427877,0.08339085374986203,155525,64,-24,40,0.10775014118192365,449,4613,345,1438,2194,-24,8245,3175,0.10539131899890104,232041,76516,
4613,0.10775014118192365,2194,1438,3175,8245,119320,232041,427877,0.10539131899890104,155525,119320,0.08339085374986203,76516,40,64,345,449,427877,0.08339085374986203,155525,64,-24,40,0.10775014118192365,449,4613,345,1438,2194,-24,8245,3175,0.10539131899890104,232041,76516,
4613,0.10775014118192365,2194,1438,3175,8245,119320,232041,427877,0.10539131899890104,155525,119320,0.08339085374986203,76516,40,64,345,449,427877,0.08339085374986203,155525,64,-24,40,0.10775014118192365,449,4613,345,1438,2194,-24,8245,3175,0.10539131899890104,232041,76516,
4613,0.11281108857011604,2194,1438,3175,8245,119320,232041,427877,0.10539131899890104,155525,119320,0.08339085374986203,76516,949,112,78,1139,427877,0.08339085374986203,155525,112,837,949,0.11281108857011604,1139,4613,78,1438,2194,837,8245,3175,0.10539131899890104,232041,76516,
4613,0.11281108857011604,2194,1438,3175,8245,119320,232041,427877,0.10539131899890104,155525,119320,0.08339085374986203,76516,949,112,78,1139,427877,0.08339085374986203,155525,112,837,949,0.11281108857011604,1139,4613,78,1438,2194,837,8245,3175,0.10539131899890104,232041,76516,
4613,0.11281108857011604,2194,1438,3175,8245,119320,232041,427877,0.10539131899890104,155525,119320,0.08339085374986203,76516,949,112,78,1139,427877,0.08339085374986203,155525,112,837,949,0.11281108857011604,1139,4613,78,1438,2194,837,8245,3175,0.10539131899890104,232041,76516,
4613,0.11281108857011604,2194,1438,3175,8245,119320,232041,427877,0.10539131899890104,155525,119320,0.08339085374986203,76516,949,112,78,1139,427877,0.08339085374986203,155525,112,837,949,0.11281108857011604,1139,4613,78,1438,2194,837,8245,3175,0.10539131899890104,232041,76516,
4613,0.11281108857011604,2194,1438,3175,8245,119320,232041,427877,0.10539131899890104,155525,119320,0.08339085374986203,76516,949,112,78,1139,427877,0.08339085374986203,155525,112,837,949,0.11281108857011604,1139,4613,78,1438,2194,837,8245,3175,0.10539131899890104,232041,76516,
4613,0.11281108857011604,2194,1438,3175,8245,119320,232041,427877,0.10539131899890104,155525,119320,0.08339085374986203,76516,949,112,78,1139,427877,0.08339085374986203,155525,112,837,949,0.11281108857011604,1139,4613,78,1438,2194,837,8245,3175,0.10539131899890104,232041,76516,
4613,0.11281108857011604,2194,1438,3175,8245,119320,232041,427877,0.10539131899890104,155525,119320,0.08339085374986203,76516,949,112,78,1139,427877,0.08339085374986203,155525,112,837,949,0.11281108857011604,1139,4613,78,1438,2194,837,8245,3175,0.10539131899890104,232041,76516,
4613,0.11281108857011604,2194,1438,3175,8245,119320,232041,427877,0.10539131899890104,155525,119320,0.08339085374986203,76516,949,112,78,1139,427877,0.08339085374986203,155525,112,837,949,0.11281108857011604,1139,4613,78,1438,2194,837,8245,3175,0.10539131899890104,232041,76516,
4613,0.11281108857011604,2194,1438,3175,8245,119320,232041,427877,0.10539131899890104,155525,119320,0.08339085374986203,76516,949,112,78,1139,427877,0.08339085374986203,155525,112,837,949,0.11281108857011604,1139,4613,78,1438,2194,837,8245,3175,0.10539131899890104,232041,76516,
4613,0.11281108857011604,2194,1438,3175,8245,119320,232041,427877,0.10539131899890104,155525,119320,0.08339085374986203,76516,949,112,78,1139,427877,0.08339085374986203,155525,112,837,949,0.11281108857011604,1139,4613,78,1438,2194,837,8245,3175,0.10539131899890104,232041,76516,
4613,0.11281108857011604,2194,1438,3175,8245,119320,232041,427877,0.10539131899890104,155525,119320,0.08339085374986203,76516,949,112,78,1139,427877,0.08339085374986203,155525,112,837,949,0.11281108857011604,1139,4613,78,1438,2194,837,8245,3175,0.10539131899890104,232041,76516,
4613,0.11281108857011604,2194,1438,3175,8245,119320,232041,427877,0.10539131899890104,155525,119320,0.08339085374986203,76516,949,112,78,1139,427877,0.08339085374986203,155525,112,837,949,0.11281108857011604,1139,4613,78,1438,2194,837,8245,3175,0.10539131899890104,232041,76516,
4613,0.11281108857011604,2194,1438,3175,8245,119320,232041,427877,0.10539131899890104,155525,119320,0.08339085374986203,76516,949,112,78,1139,427877,0.08339085374986203,155525,112,837,949,0.11281108857011604,1139,4613,78,1438,2194,837,8245,3175,0.10539131899890104,232041,76516,
4613,0.1738964343610229,2194,1438,3175,8245,119320,232041,427877,0.10539131899890104,155525,119320,0.08339085374986203,76516,1451,539,91,2081,427877,0.08339085374986203,155525,539,912,1451,0.1738964343610229,2081,4613,91,1438,2194,912,8245,3175,0.10539131899890104,232041,76516,
4613,0.08717951288993823,2194,1438,3175,8245,119320,232041,427877,0.10539131899890104,155525,119320,0.08339085374986203,76516,69,260,602,931,427877,0.08339085374986203,155525,260,-191,69,0.08717951288993823,931,4613,602,1438,2194,-191,8245,3175,0.10539131899890104,232041,76516,
4613,0.08717951288993823,2194,1438,3175,8245,119320,232041,427877,0.10539131899890104,155525,119320,0.08339085374986203,76516,69,260,602,931,427877,0.08339085374986203,155525,260,-191,69,0.08717951288993823,931,4613,602,1438,2194,-191,8245,3175,0.10539131899890104,232041,76516,
4613,0.08717951288993823,2194,1438,3175,8245,119320,232041,427877,0.10539131899890104,155525,119320,0.08339085374986203,76516,69,260,602,931,427877,0.08339085374986203,155525,260,-191,69,0.08717951288993823,931,4613,602,1438,2194,-191,8245,3175,0.10539131899890104,232041,76516,
4613,0.08717951288993823,2194,1438,3175,8245,119320,232041,427877,0.10539131899890104,155525,119320,0.08339085374986203,76516,69,260,602,931,427877,0.08339085374986203,155525,260,-191,69,0.08717951288993823,931,4613,602,1438,2194,-191,8245,3175,0.10539131899890104,232041,76516,
4613,0.1390396841518034,2194,1438,3175,8245,119320,232041,427877,0.10539131899890104,155525,119320,0.08339085374986203,76516,1535,195,51,1781,427877,0.08339085374986203,155525,195,1340,1535,0.1390396841518034,1781,4613,51,1438,2194,1340,8245,3175,0.10539131899890104,232041,76516,
4613,0.1390396841518034,2194,1438,3175,8245,119320,232041,427877,0.10539131899890104,155525,119320,0.08339085374986203,76516,1535,195,51,1781,427877,0.08339085374986203,155525,195,1340,1535,0.1390396841518034,1781,4613,51,1438,2194,1340,8245,3175,0.10539131899890104,232041,76516,
4613,0.1390396841518034,2194,1438,3175,8245,119320,232041,427877,0.10539131899890104,155525,119320,0.08339085374986203,76516,1535,195,51,1781,427877,0.08339085374986203,155525,195,1340,1535,0.1390396841518034,1781,4613,51,1438,2194,1340,8245,3175,0.10539131899890104,232041,76516,
4613,0.1390396841518034,2194,1438,3175,8245,119320,232041,427877,0.10539131899890104,155525,119320,0.08339085374986203,76516,1535,195,51,1781,427877,0.08339085374986203,155525,195,1340,1535,0.1390396841518034,1781,4613,51,1438,2194,1340,8245,3175,0.10539131899890104,232041,76516,
4613,0.1390396841518034,2194,1438,3175,8245,119320,232041,427877,0.10539131899890104,155525,119320,0.08339085374986203,76516,1535,195,51,1781,427877,0.08339085374986203,155525,195,1340,1535,0.1390396841518034,1781,4613,51,1438,2194,1340,8245,3175,0.10539131899890104,232041,76516,
4613,0.1390396841518034,2194,1438,3175,8245,119320,232041,427877,0.10539131899890104,155525,119320,0.08339085374986203,76516,1535,195,51,1781,427877,0.08339085374986203,155525,195,1340,1535,0.1390396841518034,1781,4613,51,1438,2194,1340,8245,3175,0.10539131899890104,232041,76516,
1635,0.10079190610053942,1641,249,1386,3525,119320,232041,427877,0.030997192933184016,155525,119320,0.08339085374986203,76516,368,12,1,381,427877,0.08339085374986203,155525,12,356,368,0.10079190610053942,381,1635,1,249,1641,356,3525,1386,0.030997192933184016,232041,76516,
1635,0.01028256421835738,1641,249,1386,3525,119320,232041,427877,0.030997192933184016,155525,119320,0.08339085374986203,76516,16,10,64,90,427877,0.08339085374986203,155525,10,6,16,0.01028256421835738,90,1635,64,249,1641,6,3525,1386,0.030997192933184016,232041,76516,
1635,0.01028256421835738,1641,249,1386,3525,119320,232041,427877,0.030997192933184016,155525,119320,0.08339085374986203,76516,16,10,64,90,427877,0.08339085374986203,155525,10,6,16,0.01028256421835738,90,1635,64,249,1641,6,3525,1386,0.030997192933184016,232041,76516,
1635,0.008938093700470833,1641,249,1386,3525,119320,232041,427877,0.030997192933184016,155525,119320,0.08339085374986203,76516,22,11,151,184,427877,0.08339085374986203,155525,11,11,22,0.008938093700470833,184,1635,151,249,1641,11,3525,1386,0.030997192933184016,232041,76516,
1635,0.008938093700470833,1641,249,1386,3525,119320,232041,427877,0.030997192933184016,155525,119320,0.08339085374986203,76516,22,11,151,184,427877,0.08339085374986203,155525,11,11,22,0.008938093700470833,184,1635,151,249,1641,11,3525,1386,0.030997192933184016,232041,76516,
1635,0.008938093700470833,1641,249,1386,3525,119320,232041,427877,0.030997192933184016,155525,119320,0.08339085374986203,76516,22,11,151,184,427877,0.08339085374986203,155525,11,11,22,0.008938093700470833,184,1635,151,249,1641,11,3525,1386,0.030997192933184016,232041,76516,
1635,0.06342851478507575,1641,249,1386,3525,119320,232041,427877,0.030997192933184016,155525,119320,0.08339085374986203,76516,317,24,1,342,427877,0.08339085374986203,155525,24,293,317,0.06342851478507575,342,1635,1,249,1641,293,3525,1386,0.030997192933184016,232041,76516,
1635,0.06342851478507575,1641,249,1386,3525,119320,232041,427877,0.030997192933184016,155525,119320,0.08339085374986203,76516,317,24,1,342,427877,0.08339085374986203,155525,24,293,317,0.06342851478507575,342,1635,1,249,1641,293,3525,1386,0.030997192933184016,232041,76516,
1635,0.005939455783066355,1641,249,1386,3525,119320,232041,427877,0.030997192933184016,155525,119320,0.08339085374986203,76516,8,5,199,212,427877,0.08339085374986203,155525,5,3,8,0.005939455783066355,212,1635,199,249,1641,3,3525,1386,0.030997192933184016,232041,76516,
1635,0.04532106516451544,1641,249,1386,3525,119320,232041,427877,0.030997192933184016,155525,119320,0.08339085374986203,76516,15,19,512,546,427877,0.08339085374986203,155525,19,-4,15,0.04532106516451544,546,1635,512,249,1641,-4,3525,1386,0.030997192933184016,232041,76516,
1635,0.04532106516451544,1641,249,1386,3525,119320,232041,427877,0.030997192933184016,155525,119320,0.08339085374986203,76516,15,19,512,546,427877,0.08339085374986203,155525,19,-4,15,0.04532106516451544,546,1635,512,249,1641,-4,3525,1386,0.030997192933184016,232041,76516,
7418,0.160721585979004,4881,2321,5097,14620,119320,232041,427877,0.07008865840432318,155525,119320,0.08339085374986203,76516,101,72,367,540,427877,0.08339085374986203,155525,72,29,101,0.160721585979004,540,7418,367,2321,4881,29,14620,5097,0.07008865840432318,232041,76516,
7418,0.160721585979004,4881,2321,5097,14620,119320,232041,427877,0.07008865840432318,155525,119320,0.08339085374986203,76516,101,72,367,540,427877,0.08339085374986203,155525,72,29,101,0.160721585979004,540,7418,367,2321,4881,29,14620,5097,0.07008865840432318,232041,76516,
7418,0.160721585979004,4881,2321,5097,14620,119320,232041,427877,0.07008865840432318,155525,119320,0.08339085374986203,76516,101,72,367,540,427877,0.08339085374986203,155525,72,29,101,0.160721585979004,540,7418,367,2321,4881,29,14620,5097,0.07008865840432318,232041,76516,
7418,0.14918415036603375,4881,2321,5097,14620,119320,232041,427877,0.07008865840432318,155525,119320,0.08339085374986203,76516,704,128,49,881,427877,0.08339085374986203,155525,128,576,704,0.14918415036603375,881,7418,49,2321,4881,576,14620,5097,0.07008865840432318,232041,76516,
7418,0.14918415036603375,4881,2321,5097,14620,119320,232041,427877,0.07008865840432318,155525,119320,0.08339085374986203,76516,704,128,49,881,427877,0.08339085374986203,155525,128,576,704,0.14918415036603375,881,7418,49,2321,4881,576,14620,5097,0.07008865840432318,232041,76516,
7418,0.14918415036603375,4881,2321,5097,14620,119320,232041,427877,0.07008865840432318,155525,119320,0.08339085374986203,76516,704,128,49,881,427877,0.08339085374986203,155525,128,576,704,0.14918415036603375,881,7418,49,2321,4881,576,14620,5097,0.07008865840432318,232041,76516,
7418,0.14918415036603375,4881,2321,5097,14620,119320,232041,427877,0.07008865840432318,155525,119320,0.08339085374986203,76516,704,128,49,881,427877,0.08339085374986203,155525,128,576,704,0.14918415036603375,881,7418,49,2321,4881,576,14620,5097,0.07008865840432318,232041,76516,
7418,0.14918415036603375,4881,2321,5097,14620,119320,232041,427877,0.07008865840432318,155525,119320,0.08339085374986203,76516,704,128,49,881,427877,0.08339085374986203,155525,128,576,704,0.14918415036603375,881,7418,49,2321,4881,576,14620,5097,0.07008865840432318,232041,76516,
7418,0.14918415036603375,4881,2321,5097,14620,119320,232041,427877,0.07008865840432318,155525,119320,0.08339085374986203,76516,704,128,49,881,427877,0.08339085374986203,155525,128,576,704,0.14918415036603375,881,7418,49,2321,4881,576,14620,5097,0.07008865840432318,232041,76516,
7418,0.08861353500184521,4881,2321,5097,14620,119320,232041,427877,0.07008865840432318,155525,119320,0.08339085374986203,76516,149,17,2,168,427877,0.08339085374986203,155525,17,132,149,0.08861353500184521,168,7418,2,2321,4881,132,14620,5097,0.07008865840432318,232041,76516,
7418,0.08861353500184521,4881,2321,5097,14620,119320,232041,427877,0.07008865840432318,155525,119320,0.08339085374986203,76516,149,17,2,168,427877,0.08339085374986203,155525,17,132,149,0.08861353500184521,168,7418,2,2321,4881,132,14620,5097,0.07008865840432318,232041,76516,
7418,0.1887297859029616,4881,2321,5097,14620,119320,232041,427877,0.07008865840432318,155525,119320,0.08339085374986203,76516,169,71,129,369,427877,0.08339085374986203,155525,71,98,169,0.1887297859029616,369,7418,129,2321,4881,98,14620,5097,0.07008865840432318,232041,76516,
7418,0.1887297859029616,4881,2321,5097,14620,119320,232041,427877,0.07008865840432318,155525,119320,0.08339085374986203,76516,169,71,129,369,427877,0.08339085374986203,155525,71,98,169,0.1887297859029616,369,7418,129,2321,4881,98,14620,5097,0.07008865840432318,232041,76516,
7418,0.21129853920220998,4881,2321,5097,14620,119320,232041,427877,0.07008865840432318,155525,119320,0.08339085374986203,76516,2930,882,2427,6239,427877,0.08339085374986203,155525,882,2048,2930,0.21129853920220998,6239,7418,2427,2321,4881,2048,14620,5097,0.07008865840432318,232041,76516,
7418,0.21129853920220998,4881,2321,5097,14620,119320,232041,427877,0.07008865840432318,155525,119320,0.08339085374986203,76516,2930,882,2427,6239,427877,0.08339085374986203,155525,882,2048,2930,0.21129853920220998,6239,7418,2427,2321,4881,2048,14620,5097,0.07008865840432318,232041,76516,
7418,0.21129853920220998,4881,2321,5097,14620,119320,232041,427877,0.07008865840432318,155525,119320,0.08339085374986203,76516,2930,882,2427,6239,427877,0.08339085374986203,155525,882,2048,2930,0.21129853920220998,6239,7418,2427,2321,4881,2048,14620,5097,0.07008865840432318,232041,76516,
7418,0.21129853920220998,4881,2321,5097,14620,119320,232041,427877,0.07008865840432318,155525,119320,0.08339085374986203,76516,2930,882,2427,6239,427877,0.08339085374986203,155525,882,2048,2930,0.21129853920220998,6239,7418,2427,2321,4881,2048,14620,5097,0.07008865840432318,232041,76516,
7418,0.21129853920220998,4881,2321,5097,14620,119320,232041,427877,0.07008865840432318,155525,119320,0.08339085374986203,76516,2930,882,2427,6239,427877,0.08339085374986203,155525,882,2048,2930,0.21129853920220998,6239,7418,2427,2321,4881,2048,14620,5097,0.07008865840432318,232041,76516,
7418,0.21129853920220998,4881,2321,5097,14620,119320,232041,427877,0.07008865840432318,155525,119320,0.08339085374986203,76516,2930,882,2427,6239,427877,0.08339085374986203,155525,882,2048,2930,0.21129853920220998,6239,7418,2427,2321,4881,2048,14620,5097,0.07008865840432318,232041,76516,
7418,0.21129853920220998,4881,2321,5097,14620,119320,232041,427877,0.07008865840432318,155525,119320,0.08339085374986203,76516,2930,882,2427,6239,427877,0.08339085374986203,155525,882,2048,2930,0.21129853920220998,6239,7418,2427,2321,4881,2048,14620,5097,0.07008865840432318,232041,76516,
7418,0.21129853920220998,4881,2321,5097,14620,119320,232041,427877,0.07008865840432318,155525,119320,0.08339085374986203,76516,2930,882,2427,6239,427877,0.08339085374986203,155525,882,2048,2930,0.21129853920220998,6239,7418,2427,2321,4881,2048,14620,5097,0.07008865840432318,232041,76516,
7418,0.21129853920220998,4881,2321,5097,14620,119320,232041,427877,0.07008865840432318,155525,119320,0.08339085374986203,76516,2930,882,2427,6239,427877,0.08339085374986203,155525,882,2048,2930,0.21129853920220998,6239,7418,2427,2321,4881,2048,14620,5097,0.07008865840432318,232041,76516,
7418,0.21129853920220998,4881,2321,5097,14620,119320,232041,427877,0.07008865840432318,155525,119320,0.08339085374986203,76516,2930,882,2427,6239,427877,0.08339085374986203,155525,882,2048,2930,0.21129853920220998,6239,7418,2427,2321,4881,2048,14620,5097,0.07008865840432318,232041,76516,
7418,0.07220291038558302,4881,2321,5097,14620,119320,232041,427877,0.07008865840432318,155525,119320,0.08339085374986203,76516,36,110,286,432,427877,0.08339085374986203,155525,110,-74,36,0.07220291038558302,432,7418,286,2321,4881,-74,14620,5097,0.07008865840432318,232041,76516,
7418,0.07220291038558302,4881,2321,5097,14620,119320,232041,427877,0.07008865840432318,155525,119320,0.08339085374986203,76516,36,110,286,432,427877,0.08339085374986203,155525,110,-74,36,0.07220291038558302,432,7418,286,2321,4881,-74,14620,5097,0.07008865840432318,232041,76516,
7418,0.06797567670431781,4881,2321,5097,14620,119320,232041,427877,0.07008865840432318,155525,119320,0.08339085374986203,76516,78,12,471,561,427877,0.08339085374986203,155525,12,66,78,0.06797567670431781,561,7418,471,2321,4881,66,14620,5097,0.07008865840432318,232041,76516,
7418,0.06797567670431781,4881,2321,5097,14620,119320,232041,427877,0.07008865840432318,155525,119320,0.08339085374986203,76516,78,12,471,561,427877,0.08339085374986203,155525,12,66,78,0.06797567670431781,561,7418,471,2321,4881,66,14620,5097,0.07008865840432318,232041,76516,
7418,0.06797567670431781,4881,2321,5097,14620,119320,232041,427877,0.07008865840432318,155525,119320,0.08339085374986203,76516,78,12,471,561,427877,0.08339085374986203,155525,12,66,78,0.06797567670431781,561,7418,471,2321,4881,66,14620,5097,0.07008865840432318,232041,76516,
7418,0.06797567670431781,4881,2321,5097,14620,119320,232041,427877,0.07008865840432318,155525,119320,0.08339085374986203,76516,78,12,471,561,427877,0.08339085374986203,155525,12,66,78,0.06797567670431781,561,7418,471,2321,4881,66,14620,5097,0.07008865840432318,232041,76516,
7418,0.06797567670431781,4881,2321,5097,14620,119320,232041,427877,0.07008865840432318,155525,119320,0.08339085374986203,76516,78,12,471,561,427877,0.08339085374986203,155525,12,66,78,0.06797567670431781,561,7418,471,2321,4881,66,14620,5097,0.07008865840432318,232041,76516,
7418,0.06797567670431781,4881,2321,5097,14620,119320,232041,427877,0.07008865840432318,155525,119320,0.08339085374986203,76516,78,12,471,561,427877,0.08339085374986203,155525,12,66,78,0.06797567670431781,561,7418,471,2321,4881,66,14620,5097,0.07008865840432318,232041,76516,
7418,0.06797567670431781,4881,2321,5097,14620,119320,232041,427877,0.07008865840432318,155525,119320,0.08339085374986203,76516,78,12,471,561,427877,0.08339085374986203,155525,12,66,78,0.06797567670431781,561,7418,471,2321,4881,66,14620,5097,0.07008865840432318,232041,76516,
7418,0.06797567670431781,4881,2321,5097,14620,119320,232041,427877,0.07008865840432318,155525,119320,0.08339085374986203,76516,78,12,471,561,427877,0.08339085374986203,155525,12,66,78,0.06797567670431781,561,7418,471,2321,4881,66,14620,5097,0.07008865840432318,232041,76516,
7418,0.06797567670431781,4881,2321,5097,14620,119320,232041,427877,0.07008865840432318,155525,119320,0.08339085374986203,76516,78,12,471,561,427877,0.08339085374986203,155525,12,66,78,0.06797567670431781,561,7418,471,2321,4881,66,14620,5097,0.07008865840432318,232041,76516,
7418,0.06797567670431781,4881,2321,5097,14620,119320,232041,427877,0.07008865840432318,155525,119320,0.08339085374986203,76516,78,12,471,561,427877,0.08339085374986203,155525,12,66,78,0.06797567670431781,561,7418,471,2321,4881,66,14620,5097,0.07008865840432318,232041,76516,
7418,0.06797567670431781,4881,2321,5097,14620,119320,232041,427877,0.07008865840432318,155525,119320,0.08339085374986203,76516,78,12,471,561,427877,0.08339085374986203,155525,12,66,78,0.06797567670431781,561,7418,471,2321,4881,66,14620,5097,0.07008865840432318,232041,76516,
7418,0.06797567670431781,4881,2321,5097,14620,119320,232041,427877,0.07008865840432318,155525,119320,0.08339085374986203,76516,78,12,471,561,427877,0.08339085374986203,155525,12,66,78,0.06797567670431781,561,7418,471,2321,4881,66,14620,5097,0.07008865840432318,232041,76516,
7418,0.06797567670431781,4881,2321,5097,14620,119320,232041,427877,0.07008865840432318,155525,119320,0.08339085374986203,76516,78,12,471,561,427877,0.08339085374986203,155525,12,66,78,0.06797567670431781,561,7418,471,2321,4881,66,14620,5097,0.07008865840432318,232041,76516,
7418,0.06797567670431781,4881,2321,5097,14620,119320,232041,427877,0.07008865840432318,155525,119320,0.08339085374986203,76516,78,12,471,561,427877,0.08339085374986203,155525,12,66,78,0.06797567670431781,561,7418,471,2321,4881,66,14620,5097,0.07008865840432318,232041,76516,
7418,0.06797567670431781,4881,2321,5097,14620,119320,232041,427877,0.07008865840432318,155525,119320,0.08339085374986203,76516,78,12,471,561,427877,0.08339085374986203,155525,12,66,78,0.06797567670431781,561,7418,471,2321,4881,66,14620,5097,0.07008865840432318,232041,76516,
7418,0.06797567670431781,4881,2321,5097,14620,119320,232041,427877,0.07008865840432318,155525,119320,0.08339085374986203,76516,78,12,471,561,427877,0.08339085374986203,155525,12,66,78,0.06797567670431781,561,7418,471,2321,4881,66,14620,5097,0.07008865840432318,232041,76516,
7418,0.06797567670431781,4881,2321,5097,14620,119320,232041,427877,0.07008865840432318,155525,119320,0.08339085374986203,76516,78,12,471,561,427877,0.08339085374986203,155525,12,66,78,0.06797567670431781,561,7418,471,2321,4881,66,14620,5097,0.07008865840432318,232041,76516,
7418,0.06797567670431781,4881,2321,5097,14620,119320,232041,427877,0.07008865840432318,155525,119320,0.08339085374986203,76516,78,12,471,561,427877,0.08339085374986203,155525,12,66,78,0.06797567670431781,561,7418,471,2321,4881,66,14620,5097,0.07008865840432318,232041,76516,
7418,0.06797567670431781,4881,2321,5097,14620,119320,232041,427877,0.07008865840432318,155525,119320,0.08339085374986203,76516,78,12,471,561,427877,0.08339085374986203,155525,12,66,78,0.06797567670431781,561,7418,471,2321,4881,66,14620,5097,0.07008865840432318,232041,76516,
7418,0.005271117288324414,4881,2321,5097,14620,119320,232041,427877,0.07008865840432318,155525,119320,0.08339085374986203,76516,95,9,2,106,427877,0.08339085374986203,155525,9,86,95,0.005271117288324414,106,7418,2,2321,4881,86,14620,5097,0.07008865840432318,232041,76516,
7418,0.18384034564557641,4881,2321,5097,14620,119320,232041,427877,0.07008865840432318,155525,119320,0.08339085374986203,76516,682,481,136,1299,427877,0.08339085374986203,155525,481,201,682,0.18384034564557641,1299,7418,136,2321,4881,201,14620,5097,0.07008865840432318,232041,76516,
7418,0.18384034564557641,4881,2321,5097,14620,119320,232041,427877,0.07008865840432318,155525,119320,0.08339085374986203,76516,682,481,136,1299,427877,0.08339085374986203,155525,481,201,682,0.18384034564557641,1299,7418,136,2321,4881,201,14620,5097,0.07008865840432318,232041,76516,
7418,0.18384034564557641,4881,2321,5097,14620,119320,232041,427877,0.07008865840432318,155525,119320,0.08339085374986203,76516,682,481,136,1299,427877,0.08339085374986203,155525,481,201,682,0.18384034564557641,1299,7418,136,2321,4881,201,14620,5097,0.07008865840432318,232041,76516,
7418,0.18384034564557641,4881,2321,5097,14620,119320,232041,427877,0.07008865840432318,155525,119320,0.08339085374986203,76516,682,481,136,1299,427877,0.08339085374986203,155525,481,201,682,0.18384034564557641,1299,7418,136,2321,4881,201,14620,5097,0.07008865840432318,232041,76516,
7418,0.18384034564557641,4881,2321,5097,14620,119320,232041,427877,0.07008865840432318,155525,119320,0.08339085374986203,76516,682,481,136,1299,427877,0.08339085374986203,155525,481,201,682,0.18384034564557641,1299,7418,136,2321,4881,201,14620,5097,0.07008865840432318,232041,76516,
7418,0.18384034564557641,4881,2321,5097,14620,119320,232041,427877,0.07008865840432318,155525,119320,0.08339085374986203,76516,682,481,136,1299,427877,0.08339085374986203,155525,481,201,682,0.18384034564557641,1299,7418,136,2321,4881,201,14620,5097,0.07008865840432318,232041,76516,
7418,0.18384034564557641,4881,2321,5097,14620,119320,232041,427877,0.07008865840432318,155525,119320,0.08339085374986203,76516,682,481,136,1299,427877,0.08339085374986203,155525,481,201,682,0.18384034564557641,1299,7418,136,2321,4881,201,14620,5097,0.07008865840432318,232041,76516,
7418,0.010688234860683819,4881,2321,5097,14620,119320,232041,427877,0.07008865840432318,155525,119320,0.08339085374986203,76516,136,10,2,148,427877,0.08339085374986203,155525,10,126,136,0.010688234860683819,148,7418,2,2321,4881,126,14620,5097,0.07008865840432318,232041,76516,
7418,0.010688234860683819,4881,2321,5097,14620,119320,232041,427877,0.07008865840432318,155525,119320,0.08339085374986203,76516,136,10,2,148,427877,0.08339085374986203,155525,10,126,136,0.010688234860683819,148,7418,2,2321,4881,126,14620,5097,0.07008865840432318,232041,76516,
7418,0.04045718489961915,4881,2321,5097,14620,119320,232041,427877,0.07008865840432318,155525,119320,0.08339085374986203,76516,74,5,0,79,427877,0.08339085374986203,155525,5,69,74,0.04045718489961915,79,7418,0,2321,4881,69,14620,5097,0.07008865840432318,232041,76516,
7418,0.20803157142960765,4881,2321,5097,14620,119320,232041,427877,0.07008865840432318,155525,119320,0.08339085374986203,76516,903,106,21,1030,427877,0.08339085374986203,155525,106,797,903,0.20803157142960765,1030,7418,21,2321,4881,797,14620,5097,0.07008865840432318,232041,76516,
7418,0.20803157142960765,4881,2321,5097,14620,119320,232041,427877,0.07008865840432318,155525,119320,0.08339085374986203,76516,903,106,21,1030,427877,0.08339085374986203,155525,106,797,903,0.20803157142960765,1030,7418,21,2321,4881,797,14620,5097,0.07008865840432318,232041,76516,
7418,0.20803157142960765,4881,2321,5097,14620,119320,232041,427877,0.07008865840432318,155525,119320,0.08339085374986203,76516,903,106,21,1030,427877,0.08339085374986203,155525,106,797,903,0.20803157142960765,1030,7418,21,2321,4881,797,14620,5097,0.07008865840432318,232041,76516,
7418,0.20803157142960765,4881,2321,5097,14620,119320,232041,427877,0.07008865840432318,155525,119320,0.08339085374986203,76516,903,106,21,1030,427877,0.08339085374986203,155525,106,797,903,0.20803157142960765,1030,7418,21,2321,4881,797,14620,5097,0.07008865840432318,232041,76516,
7418,0.20803157142960765,4881,2321,5097,14620,119320,232041,427877,0.07008865840432318,155525,119320,0.08339085374986203,76516,903,106,21,1030,427877,0.08339085374986203,155525,106,797,903,0.20803157142960765,1030,7418,21,2321,4881,797,14620,5097,0.07008865840432318,232041,76516,
7418,0.20803157142960765,4881,2321,5097,14620,119320,232041,427877,0.07008865840432318,155525,119320,0.08339085374986203,76516,903,106,21,1030,427877,0.08339085374986203,155525,106,797,903,0.20803157142960765,1030,7418,21,2321,4881,797,14620,5097,0.07008865840432318,232041,76516,
7418,0.20803157142960765,4881,2321,5097,14620,119320,232041,427877,0.07008865840432318,155525,119320,0.08339085374986203,76516,903,106,21,1030,427877,0.08339085374986203,155525,106,797,903,0.20803157142960765,1030,7418,21,2321,4881,797,14620,5097,0.07008865840432318,232041,76516,
7418,0.07398753991965364,4881,2321,5097,14620,119320,232041,427877,0.07008865840432318,155525,119320,0.08339085374986203,76516,78,12,229,319,427877,0.08339085374986203,155525,12,66,78,0.07398753991965364,319,7418,229,2321,4881,66,14620,5097,0.07008865840432318,232041,76516,
7418,0.07493425559706487,4881,2321,5097,14620,119320,232041,427877,0.07008865840432318,155525,119320,0.08339085374986203,76516,175,74,17,266,427877,0.08339085374986203,155525,74,101,175,0.07493425559706487,266,7418,17,2321,4881,101,14620,5097,0.07008865840432318,232041,76516,
7418,0.1326147908992921,4881,2321,5097,14620,119320,232041,427877,0.07008865840432318,155525,119320,0.08339085374986203,76516,154,9,0,163,427877,0.08339085374986203,155525,9,145,154,0.1326147908992921,163,7418,0,2321,4881,145,14620,5097,0.07008865840432318,232041,76516,
2507,0.2039149468417761,91,165,2342,2763,119320,232041,427877,0.05216410717965248,155525,119320,0.08339085374986203,76516,259,4,0,263,427877,0.08339085374986203,155525,4,255,259,0.2039149468417761,263,2507,0,165,91,255,2763,2342,0.05216410717965248,232041,76516,
2507,0.09205112169464891,91,165,2342,2763,119320,232041,427877,0.05216410717965248,155525,119320,0.08339085374986203,76516,8,3,7,18,427877,0.08339085374986203,155525,3,5,8,0.09205112169464891,18,2507,7,165,91,5,2763,2342,0.05216410717965248,232041,76516,
2507,0.07693591740436244,91,165,2342,2763,119320,232041,427877,0.05216410717965248,155525,119320,0.08339085374986203,76516,1,11,4,16,427877,0.08339085374986203,155525,11,-10,1,0.07693591740436244,16,2507,4,165,91,-10,2763,2342,0.05216410717965248,232041,76516,
2507,0.0038095238095238095,91,165,2342,2763,119320,232041,427877,0.05216410717965248,155525,119320,0.08339085374986203,76516,0,0,6,6,427877,0.08339085374986203,155525,0,0,0,0.0038095238095238095,6,2507,6,165,91,0,2763,2342,0.05216410717965248,232041,76516,
2507,0.0038095238095238095,91,165,2342,2763,119320,232041,427877,0.05216410717965248,155525,119320,0.08339085374986203,76516,0,0,6,6,427877,0.08339085374986203,155525,0,0,0,0.0038095238095238095,6,2507,6,165,91,0,2763,2342,0.05216410717965248,232041,76516,
2507,0.0038095238095238095,91,165,2342,2763,119320,232041,427877,0.05216410717965248,155525,119320,0.08339085374986203,76516,0,0,6,6,427877,0.08339085374986203,155525,0,0,0,0.0038095238095238095,6,2507,6,165,91,0,2763,2342,0.05216410717965248,232041,76516,
2507,0.00716966966966967,91,165,2342,2763,119320,232041,427877,0.05216410717965248,155525,119320,0.08339085374986203,76516,2,2,10,14,427877,0.08339085374986203,155525,2,0,2,0.00716966966966967,14,2507,10,165,91,0,2763,2342,0.05216410717965248,232041,76516,
581,0.04122632131546776,1375,89,492,2045,119320,232041,427877,0.031124862650440017,155525,119320,0.08339085374986203,76516,82,3,80,165,427877,0.08339085374986203,155525,3,79,82,0.04122632131546776,165,581,80,89,1375,79,2045,492,0.031124862650440017,232041,76516,
581,0.04122632131546776,1375,89,492,2045,119320,232041,427877,0.031124862650440017,155525,119320,0.08339085374986203,76516,82,3,80,165,427877,0.08339085374986203,155525,3,79,82,0.04122632131546776,165,581,80,89,1375,79,2045,492,0.031124862650440017,232041,76516,
581,0.04122632131546776,1375,89,492,2045,119320,232041,427877,0.031124862650440017,155525,119320,0.08339085374986203,76516,82,3,80,165,427877,0.08339085374986203,155525,3,79,82,0.04122632131546776,165,581,80,89,1375,79,2045,492,0.031124862650440017,232041,76516,
581,0.06656743515253924,1375,89,492,2045,119320,232041,427877,0.031124862650440017,155525,119320,0.08339085374986203,76516,151,9,138,298,427877,0.08339085374986203,155525,9,142,151,0.06656743515253924,298,581,138,89,1375,142,2045,492,0.031124862650440017,232041,76516,
581,0.10848332068755899,1375,89,492,2045,119320,232041,427877,0.031124862650440017,155525,119320,0.08339085374986203,76516,31,4,96,131,427877,0.08339085374986203,155525,4,27,31,0.10848332068755899,131,581,96,89,1375,27,2045,492,0.031124862650440017,232041,76516,
581,0.0017781731830202052,1375,89,492,2045,119320,232041,427877,0.031124862650440017,155525,119320,0.08339085374986203,76516,57,1,57,115,427877,0.08339085374986203,155525,1,56,57,0.0017781731830202052,115,581,57,89,1375,56,2045,492,0.031124862650440017,232041,76516,
581,0.0017781731830202052,1375,89,492,2045,119320,232041,427877,0.031124862650440017,155525,119320,0.08339085374986203,76516,57,1,57,115,427877,0.08339085374986203,155525,1,56,57,0.0017781731830202052,115,581,57,89,1375,56,2045,492,0.031124862650440017,232041,76516,
1162,0.06685973167656542,1406,106,1056,2674,119320,232041,427877,0.07897209659023254,155525,119320,0.08339085374986203,76516,265,13,260,538,427877,0.08339085374986203,155525,13,252,265,0.06685973167656542,538,1162,260,106,1406,252,2674,1056,0.07897209659023254,232041,76516,
1162,0.03625073876790962,1406,106,1056,2674,119320,232041,427877,0.07897209659023254,155525,119320,0.08339085374986203,76516,21,9,133,163,427877,0.08339085374986203,155525,9,12,21,0.03625073876790962,163,1162,133,106,1406,12,2674,1056,0.07897209659023254,232041,76516,
1162,0.10122408199723153,1406,106,1056,2674,119320,232041,427877,0.07897209659023254,155525,119320,0.08339085374986203,76516,613,42,575,1230,427877,0.08339085374986203,155525,42,571,613,0.10122408199723153,1230,1162,575,106,1406,571,2674,1056,0.07897209659023254,232041,76516,
1162,0.10122408199723153,1406,106,1056,2674,119320,232041,427877,0.07897209659023254,155525,119320,0.08339085374986203,76516,613,42,575,1230,427877,0.08339085374986203,155525,42,571,613,0.10122408199723153,1230,1162,575,106,1406,571,2674,1056,0.07897209659023254,232041,76516,
1162,0.10122408199723153,1406,106,1056,2674,119320,232041,427877,0.07897209659023254,155525,119320,0.08339085374986203,76516,613,42,575,1230,427877,0.08339085374986203,155525,42,571,613,0.10122408199723153,1230,1162,575,106,1406,571,2674,1056,0.07897209659023254,232041,76516,
1162,0.11040805168076781,1406,106,1056,2674,119320,232041,427877,0.07897209659023254,155525,119320,0.08339085374986203,76516,32,15,250,297,427877,0.08339085374986203,155525,15,17,32,0.11040805168076781,297,1162,250,106,1406,17,2674,1056,0.07897209659023254,232041,76516,
1162,0.11040805168076781,1406,106,1056,2674,119320,232041,427877,0.07897209659023254,155525,119320,0.08339085374986203,76516,32,15,250,297,427877,0.08339085374986203,155525,15,17,32,0.11040805168076781,297,1162,250,106,1406,17,2674,1056,0.07897209659023254,232041,76516,
1162,0.11040805168076781,1406,106,1056,2674,119320,232041,427877,0.07897209659023254,155525,119320,0.08339085374986203,76516,32,15,250,297,427877,0.08339085374986203,155525,15,17,32,0.11040805168076781,297,1162,250,106,1406,17,2674,1056,0.07897209659023254,232041,76516,
1162,0.11040805168076781,1406,106,1056,2674,119320,232041,427877,0.07897209659023254,155525,119320,0.08339085374986203,76516,32,15,250,297,427877,0.08339085374986203,155525,15,17,32,0.11040805168076781,297,1162,250,106,1406,17,2674,1056,0.07897209659023254,232041,76516,
1162,0.11040805168076781,1406,106,1056,2674,119320,232041,427877,0.07897209659023254,155525,119320,0.08339085374986203,76516,32,15,250,297,427877,0.08339085374986203,155525,15,17,32,0.11040805168076781,297,1162,250,106,1406,17,2674,1056,0.07897209659023254,232041,76516,
1162,0.11040805168076781,1406,106,1056,2674,119320,232041,427877,0.07897209659023254,155525,119320,0.08339085374986203,76516,32,15,250,297,427877,0.08339085374986203,155525,15,17,32,0.11040805168076781,297,1162,250,106,1406,17,2674,1056,0.07897209659023254,232041,76516,
1162,0.11040805168076781,1406,106,1056,2674,119320,232041,427877,0.07897209659023254,155525,119320,0.08339085374986203,76516,32,15,250,297,427877,0.08339085374986203,155525,15,17,32,0.11040805168076781,297,1162,250,106,1406,17,2674,1056,0.07897209659023254,232041,76516,
1162,0.11040805168076781,1406,106,1056,2674,119320,232041,427877,0.07897209659023254,155525,119320,0.08339085374986203,76516,32,15,250,297,427877,0.08339085374986203,155525,15,17,32,0.11040805168076781,297,1162,250,106,1406,17,2674,1056,0.07897209659023254,232041,76516,
1162,0.09761934452961922,1406,106,1056,2674,119320,232041,427877,0.07897209659023254,155525,119320,0.08339085374986203,76516,14,10,90,114,427877,0.08339085374986203,155525,10,4,14,0.09761934452961922,114,1162,90,106,1406,4,2674,1056,0.07897209659023254,232041,76516,
1162,0.09761934452961922,1406,106,1056,2674,119320,232041,427877,0.07897209659023254,155525,119320,0.08339085374986203,76516,14,10,90,114,427877,0.08339085374986203,155525,10,4,14,0.09761934452961922,114,1162,90,106,1406,4,2674,1056,0.07897209659023254,232041,76516,
992,0.019536032106295714,2166,270,722,3428,119320,232041,427877,0.08493620543074207,155525,119320,0.08339085374986203,76516,13,5,73,91,427877,0.08339085374986203,155525,5,8,13,0.019536032106295714,91,992,73,270,2166,8,3428,722,0.08493620543074207,232041,76516,
992,0.019536032106295714,2166,270,722,3428,119320,232041,427877,0.08493620543074207,155525,119320,0.08339085374986203,76516,13,5,73,91,427877,0.08339085374986203,155525,5,8,13,0.019536032106295714,91,992,73,270,2166,8,3428,722,0.08493620543074207,232041,76516,
992,0.0023938133444459625,2166,270,722,3428,119320,232041,427877,0.08493620543074207,155525,119320,0.08339085374986203,76516,6,2,196,204,427877,0.08339085374986203,155525,2,4,6,0.0023938133444459625,204,992,196,270,2166,4,3428,722,0.08493620543074207,232041,76516,
992,0.040857902561266986,2166,270,722,3428,119320,232041,427877,0.08493620543074207,155525,119320,0.08339085374986203,76516,176,9,161,346,427877,0.08339085374986203,155525,9,167,176,0.040857902561266986,346,992,161,270,2166,167,3428,722,0.08493620543074207,232041,76516,
992,0.12239987783544581,2166,270,722,3428,119320,232041,427877,0.08493620543074207,155525,119320,0.08339085374986203,76516,63,78,728,869,427877,0.08339085374986203,155525,78,-15,63,0.12239987783544581,869,992,728,270,2166,-15,3428,722,0.08493620543074207,232041,76516,
992,0.12239987783544581,2166,270,722,3428,119320,232041,427877,0.08493620543074207,155525,119320,0.08339085374986203,76516,63,78,728,869,427877,0.08339085374986203,155525,78,-15,63,0.12239987783544581,869,992,728,270,2166,-15,3428,722,0.08493620543074207,232041,76516,
992,0.12239987783544581,2166,270,722,3428,119320,232041,427877,0.08493620543074207,155525,119320,0.08339085374986203,76516,63,78,728,869,427877,0.08339085374986203,155525,78,-15,63,0.12239987783544581,869,992,728,270,2166,-15,3428,722,0.08493620543074207,232041,76516,
992,0.12239987783544581,2166,270,722,3428,119320,232041,427877,0.08493620543074207,155525,119320,0.08339085374986203,76516,63,78,728,869,427877,0.08339085374986203,155525,78,-15,63,0.12239987783544581,869,992,728,270,2166,-15,3428,722,0.08493620543074207,232041,76516,
992,0.12239987783544581,2166,270,722,3428,119320,232041,427877,0.08493620543074207,155525,119320,0.08339085374986203,76516,63,78,728,869,427877,0.08339085374986203,155525,78,-15,63,0.12239987783544581,869,992,728,270,2166,-15,3428,722,0.08493620543074207,232041,76516,
992,0.12239987783544581,2166,270,722,3428,119320,232041,427877,0.08493620543074207,155525,119320,0.08339085374986203,76516,63,78,728,869,427877,0.08339085374986203,155525,78,-15,63,0.12239987783544581,869,992,728,270,2166,-15,3428,722,0.08493620543074207,232041,76516,
992,0.12239987783544581,2166,270,722,3428,119320,232041,427877,0.08493620543074207,155525,119320,0.08339085374986203,76516,63,78,728,869,427877,0.08339085374986203,155525,78,-15,63,0.12239987783544581,869,992,728,270,2166,-15,3428,722,0.08493620543074207,232041,76516,
992,0.12239987783544581,2166,270,722,3428,119320,232041,427877,0.08493620543074207,155525,119320,0.08339085374986203,76516,63,78,728,869,427877,0.08339085374986203,155525,78,-15,63,0.12239987783544581,869,992,728,270,2166,-15,3428,722,0.08493620543074207,232041,76516,
992,0.12239987783544581,2166,270,722,3428,119320,232041,427877,0.08493620543074207,155525,119320,0.08339085374986203,76516,63,78,728,869,427877,0.08339085374986203,155525,78,-15,63,0.12239987783544581,869,992,728,270,2166,-15,3428,722,0.08493620543074207,232041,76516,
992,0.12239987783544581,2166,270,722,3428,119320,232041,427877,0.08493620543074207,155525,119320,0.08339085374986203,76516,63,78,728,869,427877,0.08339085374986203,155525,78,-15,63,0.12239987783544581,869,992,728,270,2166,-15,3428,722,0.08493620543074207,232041,76516,
992,0.12239987783544581,2166,270,722,3428,119320,232041,427877,0.08493620543074207,155525,119320,0.08339085374986203,76516,63,78,728,869,427877,0.08339085374986203,155525,78,-15,63,0.12239987783544581,869,992,728,270,2166,-15,3428,722,0.08493620543074207,232041,76516,
992,0.12239987783544581,2166,270,722,3428,119320,232041,427877,0.08493620543074207,155525,119320,0.08339085374986203,76516,63,78,728,869,427877,0.08339085374986203,155525,78,-15,63,0.12239987783544581,869,992,728,270,2166,-15,3428,722,0.08493620543074207,232041,76516,
992,0.2472117268583607,2166,270,722,3428,119320,232041,427877,0.08493620543074207,155525,119320,0.08339085374986203,76516,88,1,87,176,427877,0.08339085374986203,155525,1,87,88,0.2472117268583607,176,992,87,270,2166,87,3428,722,0.08493620543074207,232041,76516,
992,0.013231982773403348,2166,270,722,3428,119320,232041,427877,0.08493620543074207,155525,119320,0.08339085374986203,76516,85,5,0,90,427877,0.08339085374986203,155525,5,80,85,0.013231982773403348,90,992,0,270,2166,80,3428,722,0.08493620543074207,232041,76516,
992,0.12870538929413433,2166,270,722,3428,119320,232041,427877,0.08493620543074207,155525,119320,0.08339085374986203,76516,73,35,233,341,427877,0.08339085374986203,155525,35,38,73,0.12870538929413433,341,992,233,270,2166,38,3428,722,0.08493620543074207,232041,76516,
992,0.1618323207895796,2166,270,722,3428,119320,232041,427877,0.08493620543074207,155525,119320,0.08339085374986203,76516,20,16,145,181,427877,0.08339085374986203,155525,16,4,20,0.1618323207895796,181,992,145,270,2166,4,3428,722,0.08493620543074207,232041,76516,
992,0.1618323207895796,2166,270,722,3428,119320,232041,427877,0.08493620543074207,155525,119320,0.08339085374986203,76516,20,16,145,181,427877,0.08339085374986203,155525,16,4,20,0.1618323207895796,181,992,145,270,2166,4,3428,722,0.08493620543074207,232041,76516,
992,0.05295940883187476,2166,270,722,3428,119320,232041,427877,0.08493620543074207,155525,119320,0.08339085374986203,76516,134,13,87,234,427877,0.08339085374986203,155525,13,121,134,0.05295940883187476,234,992,87,270,2166,121,3428,722,0.08493620543074207,232041,76516,
992,0.05295940883187476,2166,270,722,3428,119320,232041,427877,0.08493620543074207,155525,119320,0.08339085374986203,76516,134,13,87,234,427877,0.08339085374986203,155525,13,121,134,0.05295940883187476,234,992,87,270,2166,121,3428,722,0.08493620543074207,232041,76516,
1146,0.06880345688937187,1226,71,1075,2443,119320,232041,427877,0.04367149499620645,155525,119320,0.08339085374986203,76516,331,11,310,652,427877,0.08339085374986203,155525,11,320,331,0.06880345688937187,652,1146,310,71,1226,320,2443,1075,0.04367149499620645,232041,76516,
1146,0.06880345688937187,1226,71,1075,2443,119320,232041,427877,0.04367149499620645,155525,119320,0.08339085374986203,76516,331,11,310,652,427877,0.08339085374986203,155525,11,320,331,0.06880345688937187,652,1146,310,71,1226,320,2443,1075,0.04367149499620645,232041,76516,
1146,0.06880345688937187,1226,71,1075,2443,119320,232041,427877,0.04367149499620645,155525,119320,0.08339085374986203,76516,331,11,310,652,427877,0.08339085374986203,155525,11,320,331,0.06880345688937187,652,1146,310,71,1226,320,2443,1075,0.04367149499620645,232041,76516,
1146,0.06880345688937187,1226,71,1075,2443,119320,232041,427877,0.04367149499620645,155525,119320,0.08339085374986203,76516,331,11,310,652,427877,0.08339085374986203,155525,11,320,331,0.06880345688937187,652,1146,310,71,1226,320,2443,1075,0.04367149499620645,232041,76516,
1146,0.06880345688937187,1226,71,1075,2443,119320,232041,427877,0.04367149499620645,155525,119320,0.08339085374986203,76516,331,11,310,652,427877,0.08339085374986203,155525,11,320,331,0.06880345688937187,652,1146,310,71,1226,320,2443,1075,0.04367149499620645,232041,76516,
1146,0.06880345688937187,1226,71,1075,2443,119320,232041,427877,0.04367149499620645,155525,119320,0.08339085374986203,76516,331,11,310,652,427877,0.08339085374986203,155525,11,320,331,0.06880345688937187,652,1146,310,71,1226,320,2443,1075,0.04367149499620645,232041,76516,
1146,0.04829817056270478,1226,71,1075,2443,119320,232041,427877,0.04367149499620645,155525,119320,0.08339085374986203,76516,535,13,515,1063,427877,0.08339085374986203,155525,13,522,535,0.04829817056270478,1063,1146,515,71,1226,522,2443,1075,0.04367149499620645,232041,76516,
1146,0.03598899001177137,1226,71,1075,2443,119320,232041,427877,0.04367149499620645,155525,119320,0.08339085374986203,76516,6,8,128,142,427877,0.08339085374986203,155525,8,-2,6,0.03598899001177137,142,1146,128,71,1226,-2,2443,1075,0.04367149499620645,232041,76516,
1146,0.03598899001177137,1226,71,1075,2443,119320,232041,427877,0.04367149499620645,155525,119320,0.08339085374986203,76516,6,8,128,142,427877,0.08339085374986203,155525,8,-2,6,0.03598899001177137,142,1146,128,71,1226,-2,2443,1075,0.04367149499620645,232041,76516,
1146,0.10420332538495167,1226,71,1075,2443,119320,232041,427877,0.04367149499620645,155525,119320,0.08339085374986203,76516,109,15,91,215,427877,0.08339085374986203,155525,15,94,109,0.10420332538495167,215,1146,91,71,1226,94,2443,1075,0.04367149499620645,232041,76516,
1146,0.04829817056270478,1226,71,1075,2443,119320,232041,427877,0.04367149499620645,155525,119320,0.08339085374986203,76516,535,13,515,1063,427877,0.08339085374986203,155525,13,522,535,0.04829817056270478,1063,1146,515,71,1226,522,2443,1075,0.04367149499620645,232041,76516,
1146,0.04829817056270478,1226,71,1075,2443,119320,232041,427877,0.04367149499620645,155525,119320,0.08339085374986203,76516,535,13,515,1063,427877,0.08339085374986203,155525,13,522,535,0.04829817056270478,1063,1146,515,71,1226,522,2443,1075,0.04367149499620645,232041,76516,
1146,0.04829817056270478,1226,71,1075,2443,119320,232041,427877,0.04367149499620645,155525,119320,0.08339085374986203,76516,535,13,515,1063,427877,0.08339085374986203,155525,13,522,535,0.04829817056270478,1063,1146,515,71,1226,522,2443,1075,0.04367149499620645,232041,76516,
1233,0.004494838697966763,1717,289,944,3239,119320,232041,427877,0.06811588451294409,155525,119320,0.08339085374986203,76516,31,4,28,63,427877,0.08339085374986203,155525,4,27,31,0.004494838697966763,63,1233,28,289,1717,27,3239,944,0.06811588451294409,232041,76516,
1233,0.09536663736537504,1717,289,944,3239,119320,232041,427877,0.06811588451294409,155525,119320,0.08339085374986203,76516,75,122,487,684,427877,0.08339085374986203,155525,122,-47,75,0.09536663736537504,684,1233,487,289,1717,-47,3239,944,0.06811588451294409,232041,76516,
1233,0.09536663736537504,1717,289,944,3239,119320,232041,427877,0.06811588451294409,155525,119320,0.08339085374986203,76516,75,122,487,684,427877,0.08339085374986203,155525,122,-47,75,0.09536663736537504,684,1233,487,289,1717,-47,3239,944,0.06811588451294409,232041,76516,
1233,0.09536663736537504,1717,289,944,3239,119320,232041,427877,0.06811588451294409,155525,119320,0.08339085374986203,76516,75,122,487,684,427877,0.08339085374986203,155525,122,-47,75,0.09536663736537504,684,1233,487,289,1717,-47,3239,944,0.06811588451294409,232041,76516,
1233,0.09536663736537504,1717,289,944,3239,119320,232041,427877,0.06811588451294409,155525,119320,0.08339085374986203,76516,75,122,487,684,427877,0.08339085374986203,155525,122,-47,75,0.09536663736537504,684,1233,487,289,1717,-47,3239,944,0.06811588451294409,232041,76516,
1233,0.09536663736537504,1717,289,944,3239,119320,232041,427877,0.06811588451294409,155525,119320,0.08339085374986203,76516,75,122,487,684,427877,0.08339085374986203,155525,122,-47,75,0.09536663736537504,684,1233,487,289,1717,-47,3239,944,0.06811588451294409,232041,76516,
1233,0.09536663736537504,1717,289,944,3239,119320,232041,427877,0.06811588451294409,155525,119320,0.08339085374986203,76516,75,122,487,684,427877,0.08339085374986203,155525,122,-47,75,0.09536663736537504,684,1233,487,289,1717,-47,3239,944,0.06811588451294409,232041,76516,
1233,0.09536663736537504,1717,289,944,3239,119320,232041,427877,0.06811588451294409,155525,119320,0.08339085374986203,76516,75,122,487,684,427877,0.08339085374986203,155525,122,-47,75,0.09536663736537504,684,1233,487,289,1717,-47,3239,944,0.06811588451294409,232041,76516,
1233,0.09536663736537504,1717,289,944,3239,119320,232041,427877,0.06811588451294409,155525,119320,0.08339085374986203,76516,75,122,487,684,427877,0.08339085374986203,155525,122,-47,75,0.09536663736537504,684,1233,487,289,1717,-47,3239,944,0.06811588451294409,232041,76516,
1233,0.09536663736537504,1717,289,944,3239,119320,232041,427877,0.06811588451294409,155525,119320,0.08339085374986203,76516,75,122,487,684,427877,0.08339085374986203,155525,122,-47,75,0.09536663736537504,684,1233,487,289,1717,-47,3239,944,0.06811588451294409,232041,76516,
1233,0.09536663736537504,1717,289,944,3239,119320,232041,427877,0.06811588451294409,155525,119320,0.08339085374986203,76516,75,122,487,684,427877,0.08339085374986203,155525,122,-47,75,0.09536663736537504,684,1233,487,289,1717,-47,3239,944,0.06811588451294409,232041,76516,
1233,0.09536663736537504,1717,289,944,3239,119320,232041,427877,0.06811588451294409,155525,119320,0.08339085374986203,76516,75,122,487,684,427877,0.08339085374986203,155525,122,-47,75,0.09536663736537504,684,1233,487,289,1717,-47,3239,944,0.06811588451294409,232041,76516,
1233,0.09536663736537504,1717,289,944,3239,119320,232041,427877,0.06811588451294409,155525,119320,0.08339085374986203,76516,75,122,487,684,427877,0.08339085374986203,155525,122,-47,75,0.09536663736537504,684,1233,487,289,1717,-47,3239,944,0.06811588451294409,232041,76516,
1233,0.09536663736537504,1717,289,944,3239,119320,232041,427877,0.06811588451294409,155525,119320,0.08339085374986203,76516,75,122,487,684,427877,0.08339085374986203,155525,122,-47,75,0.09536663736537504,684,1233,487,289,1717,-47,3239,944,0.06811588451294409,232041,76516,
1233,0.09536663736537504,1717,289,944,3239,119320,232041,427877,0.06811588451294409,155525,119320,0.08339085374986203,76516,75,122,487,684,427877,0.08339085374986203,155525,122,-47,75,0.09536663736537504,684,1233,487,289,1717,-47,3239,944,0.06811588451294409,232041,76516,
1233,0.14111925954117205,1717,289,944,3239,119320,232041,427877,0.06811588451294409,155525,119320,0.08339085374986203,76516,294,67,374,735,427877,0.08339085374986203,155525,67,227,294,0.14111925954117205,735,1233,374,289,1717,227,3239,944,0.06811588451294409,232041,76516,
1233,0.14111925954117205,1717,289,944,3239,119320,232041,427877,0.06811588451294409,155525,119320,0.08339085374986203,76516,294,67,374,735,427877,0.08339085374986203,155525,67,227,294,0.14111925954117205,735,1233,374,289,1717,227,3239,944,0.06811588451294409,232041,76516,
1233,0.14111925954117205,1717,289,944,3239,119320,232041,427877,0.06811588451294409,155525,119320,0.08339085374986203,76516,294,67,374,735,427877,0.08339085374986203,155525,67,227,294,0.14111925954117205,735,1233,374,289,1717,227,3239,944,0.06811588451294409,232041,76516,
1233,0.14111925954117205,1717,289,944,3239,119320,232041,427877,0.06811588451294409,155525,119320,0.08339085374986203,76516,294,67,374,735,427877,0.08339085374986203,155525,67,227,294,0.14111925954117205,735,1233,374,289,1717,227,3239,944,0.06811588451294409,232041,76516,
1233,0.09042756404482037,1717,289,944,3239,119320,232041,427877,0.06811588451294409,155525,119320,0.08339085374986203,76516,518,43,497,1058,427877,0.08339085374986203,155525,43,475,518,0.09042756404482037,1058,1233,497,289,1717,475,3239,944,0.06811588451294409,232041,76516,
1233,0.09042756404482037,1717,289,944,3239,119320,232041,427877,0.06811588451294409,155525,119320,0.08339085374986203,76516,518,43,497,1058,427877,0.08339085374986203,155525,43,475,518,0.09042756404482037,1058,1233,497,289,1717,475,3239,944,0.06811588451294409,232041,76516,
1233,0.09042756404482037,1717,289,944,3239,119320,232041,427877,0.06811588451294409,155525,119320,0.08339085374986203,76516,518,43,497,1058,427877,0.08339085374986203,155525,43,475,518,0.09042756404482037,1058,1233,497,289,1717,475,3239,944,0.06811588451294409,232041,76516,
1233,0.09042756404482037,1717,289,944,3239,119320,232041,427877,0.06811588451294409,155525,119320,0.08339085374986203,76516,518,43,497,1058,427877,0.08339085374986203,155525,43,475,518,0.09042756404482037,1058,1233,497,289,1717,475,3239,944,0.06811588451294409,232041,76516,
1233,0.09042756404482037,1717,289,944,3239,119320,232041,427877,0.06811588451294409,155525,119320,0.08339085374986203,76516,518,43,497,1058,427877,0.08339085374986203,155525,43,475,518,0.09042756404482037,1058,1233,497,289,1717,475,3239,944,0.06811588451294409,232041,76516,
1233,0.09042756404482037,1717,289,944,3239,119320,232041,427877,0.06811588451294409,155525,119320,0.08339085374986203,76516,518,43,497,1058,427877,0.08339085374986203,155525,43,475,518,0.09042756404482037,1058,1233,497,289,1717,475,3239,944,0.06811588451294409,232041,76516,
1233,0.09042756404482037,1717,289,944,3239,119320,232041,427877,0.06811588451294409,155525,119320,0.08339085374986203,76516,518,43,497,1058,427877,0.08339085374986203,155525,43,475,518,0.09042756404482037,1058,1233,497,289,1717,475,3239,944,0.06811588451294409,232041,76516,
1233,0.09042756404482037,1717,289,944,3239,119320,232041,427877,0.06811588451294409,155525,119320,0.08339085374986203,76516,518,43,497,1058,427877,0.08339085374986203,155525,43,475,518,0.09042756404482037,1058,1233,497,289,1717,475,3239,944,0.06811588451294409,232041,76516,
1233,0.09042756404482037,1717,289,944,3239,119320,232041,427877,0.06811588451294409,155525,119320,0.08339085374986203,76516,518,43,497,1058,427877,0.08339085374986203,155525,43,475,518,0.09042756404482037,1058,1233,497,289,1717,475,3239,944,0.06811588451294409,232041,76516,
1233,0.09042756404482037,1717,289,944,3239,119320,232041,427877,0.06811588451294409,155525,119320,0.08339085374986203,76516,518,43,497,1058,427877,0.08339085374986203,155525,43,475,518,0.09042756404482037,1058,1233,497,289,1717,475,3239,944,0.06811588451294409,232041,76516,
1233,0.09042756404482037,1717,289,944,3239,119320,232041,427877,0.06811588451294409,155525,119320,0.08339085374986203,76516,518,43,497,1058,427877,0.08339085374986203,155525,43,475,518,0.09042756404482037,1058,1233,497,289,1717,475,3239,944,0.06811588451294409,232041,76516,
1233,0.05974901261039073,1717,289,944,3239,119320,232041,427877,0.06811588451294409,155525,119320,0.08339085374986203,76516,309,39,276,624,427877,0.08339085374986203,155525,39,270,309,0.05974901261039073,624,1233,276,289,1717,270,3239,944,0.06811588451294409,232041,76516,
1233,0.05974901261039073,1717,289,944,3239,119320,232041,427877,0.06811588451294409,155525,119320,0.08339085374986203,76516,309,39,276,624,427877,0.08339085374986203,155525,39,270,309,0.05974901261039073,624,1233,276,289,1717,270,3239,944,0.06811588451294409,232041,76516,
1674,0.17511974714729814,1549,246,1428,3469,119320,232041,427877,0.07270852076224689,155525,119320,0.08339085374986203,76516,1473,214,1191,2878,427877,0.08339085374986203,155525,214,1259,1473,0.17511974714729814,2878,1674,1191,246,1549,1259,3469,1428,0.07270852076224689,232041,76516,
1674,0.17511974714729814,1549,246,1428,3469,119320,232041,427877,0.07270852076224689,155525,119320,0.08339085374986203,76516,1473,214,1191,2878,427877,0.08339085374986203,155525,214,1259,1473,0.17511974714729814,2878,1674,1191,246,1549,1259,3469,1428,0.07270852076224689,232041,76516,
1674,0.17511974714729814,1549,246,1428,3469,119320,232041,427877,0.07270852076224689,155525,119320,0.08339085374986203,76516,1473,214,1191,2878,427877,0.08339085374986203,155525,214,1259,1473,0.17511974714729814,2878,1674,1191,246,1549,1259,3469,1428,0.07270852076224689,232041,76516,
1674,0.17511974714729814,1549,246,1428,3469,119320,232041,427877,0.07270852076224689,155525,119320,0.08339085374986203,76516,1473,214,1191,2878,427877,0.08339085374986203,155525,214,1259,1473,0.17511974714729814,2878,1674,1191,246,1549,1259,3469,1428,0.07270852076224689,232041,76516,
1674,0.17511974714729814,1549,246,1428,3469,119320,232041,427877,0.07270852076224689,155525,119320,0.08339085374986203,76516,1473,214,1191,2878,427877,0.08339085374986203,155525,214,1259,1473,0.17511974714729814,2878,1674,1191,246,1549,1259,3469,1428,0.07270852076224689,232041,76516,
1674,0.17511974714729814,1549,246,1428,3469,119320,232041,427877,0.07270852076224689,155525,119320,0.08339085374986203,76516,1473,214,1191,2878,427877,0.08339085374986203,155525,214,1259,1473,0.17511974714729814,2878,1674,1191,246,1549,1259,3469,1428,0.07270852076224689,232041,76516,
1674,0.17511974714729814,1549,246,1428,3469,119320,232041,427877,0.07270852076224689,155525,119320,0.08339085374986203,76516,1473,214,1191,2878,427877,0.08339085374986203,155525,214,1259,1473,0.17511974714729814,2878,1674,1191,246,1549,1259,3469,1428,0.07270852076224689,232041,76516,
1674,0.17511974714729814,1549,246,1428,3469,119320,232041,427877,0.07270852076224689,155525,119320,0.08339085374986203,76516,1473,214,1191,2878,427877,0.08339085374986203,155525,214,1259,1473,0.17511974714729814,2878,1674,1191,246,1549,1259,3469,1428,0.07270852076224689,232041,76516,
1674,0.17511974714729814,1549,246,1428,3469,119320,232041,427877,0.07270852076224689,155525,119320,0.08339085374986203,76516,1473,214,1191,2878,427877,0.08339085374986203,155525,214,1259,1473,0.17511974714729814,2878,1674,1191,246,1549,1259,3469,1428,0.07270852076224689,232041,76516,
1674,0.17511974714729814,1549,246,1428,3469,119320,232041,427877,0.07270852076224689,155525,119320,0.08339085374986203,76516,1473,214,1191,2878,427877,0.08339085374986203,155525,214,1259,1473,0.17511974714729814,2878,1674,1191,246,1549,1259,3469,1428,0.07270852076224689,232041,76516,
1674,0.17511974714729814,1549,246,1428,3469,119320,232041,427877,0.07270852076224689,155525,119320,0.08339085374986203,76516,1473,214,1191,2878,427877,0.08339085374986203,155525,214,1259,1473,0.17511974714729814,2878,1674,1191,246,1549,1259,3469,1428,0.07270852076224689,232041,76516,
1674,0.17511974714729814,1549,246,1428,3469,119320,232041,427877,0.07270852076224689,155525,119320,0.08339085374986203,76516,1473,214,1191,2878,427877,0.08339085374986203,155525,214,1259,1473,0.17511974714729814,2878,1674,1191,246,1549,1259,3469,1428,0.07270852076224689,232041,76516,
1674,0.17511974714729814,1549,246,1428,3469,119320,232041,427877,0.07270852076224689,155525,119320,0.08339085374986203,76516,1473,214,1191,2878,427877,0.08339085374986203,155525,214,1259,1473,0.17511974714729814,2878,1674,1191,246,1549,1259,3469,1428,0.07270852076224689,232041,76516,
1674,0.17511974714729814,1549,246,1428,3469,119320,232041,427877,0.07270852076224689,155525,119320,0.08339085374986203,76516,1473,214,1191,2878,427877,0.08339085374986203,155525,214,1259,1473,0.17511974714729814,2878,1674,1191,246,1549,1259,3469,1428,0.07270852076224689,232041,76516,
1674,0.17511974714729814,1549,246,1428,3469,119320,232041,427877,0.07270852076224689,155525,119320,0.08339085374986203,76516,1473,214,1191,2878,427877,0.08339085374986203,155525,214,1259,1473,0.17511974714729814,2878,1674,1191,246,1549,1259,3469,1428,0.07270852076224689,232041,76516,
1674,0.17511974714729814,1549,246,1428,3469,119320,232041,427877,0.07270852076224689,155525,119320,0.08339085374986203,76516,1473,214,1191,2878,427877,0.08339085374986203,155525,214,1259,1473,0.17511974714729814,2878,1674,1191,246,1549,1259,3469,1428,0.07270852076224689,232041,76516,
1674,0.17511974714729814,1549,246,1428,3469,119320,232041,427877,0.07270852076224689,155525,119320,0.08339085374986203,76516,1473,214,1191,2878,427877,0.08339085374986203,155525,214,1259,1473,0.17511974714729814,2878,1674,1191,246,1549,1259,3469,1428,0.07270852076224689,232041,76516,
1674,0.17511974714729814,1549,246,1428,3469,119320,232041,427877,0.07270852076224689,155525,119320,0.08339085374986203,76516,1473,214,1191,2878,427877,0.08339085374986203,155525,214,1259,1473,0.17511974714729814,2878,1674,1191,246,1549,1259,3469,1428,0.07270852076224689,232041,76516,
1674,0.17511974714729814,1549,246,1428,3469,119320,232041,427877,0.07270852076224689,155525,119320,0.08339085374986203,76516,1473,214,1191,2878,427877,0.08339085374986203,155525,214,1259,1473,0.17511974714729814,2878,1674,1191,246,1549,1259,3469,1428,0.07270852076224689,232041,76516,
1674,0.17511974714729814,1549,246,1428,3469,119320,232041,427877,0.07270852076224689,155525,119320,0.08339085374986203,76516,1473,214,1191,2878,427877,0.08339085374986203,155525,214,1259,1473,0.17511974714729814,2878,1674,1191,246,1549,1259,3469,1428,0.07270852076224689,232041,76516,
1674,0.17511974714729814,1549,246,1428,3469,119320,232041,427877,0.07270852076224689,155525,119320,0.08339085374986203,76516,1473,214,1191,2878,427877,0.08339085374986203,155525,214,1259,1473,0.17511974714729814,2878,1674,1191,246,1549,1259,3469,1428,0.07270852076224689,232041,76516,
1674,0.17511974714729814,1549,246,1428,3469,119320,232041,427877,0.07270852076224689,155525,119320,0.08339085374986203,76516,1473,214,1191,2878,427877,0.08339085374986203,155525,214,1259,1473,0.17511974714729814,2878,1674,1191,246,1549,1259,3469,1428,0.07270852076224689,232041,76516,
1674,0.17511974714729814,1549,246,1428,3469,119320,232041,427877,0.07270852076224689,155525,119320,0.08339085374986203,76516,1473,214,1191,2878,427877,0.08339085374986203,155525,214,1259,1473,0.17511974714729814,2878,1674,1191,246,1549,1259,3469,1428,0.07270852076224689,232041,76516,
1674,0.17511974714729814,1549,246,1428,3469,119320,232041,427877,0.07270852076224689,155525,119320,0.08339085374986203,76516,1473,214,1191,2878,427877,0.08339085374986203,155525,214,1259,1473,0.17511974714729814,2878,1674,1191,246,1549,1259,3469,1428,0.07270852076224689,232041,76516,
1674,0.17511974714729814,1549,246,1428,3469,119320,232041,427877,0.07270852076224689,155525,119320,0.08339085374986203,76516,1473,214,1191,2878,427877,0.08339085374986203,155525,214,1259,1473,0.17511974714729814,2878,1674,1191,246,1549,1259,3469,1428,0.07270852076224689,232041,76516,
1674,0.026916016434005974,1549,246,1428,3469,119320,232041,427877,0.07270852076224689,155525,119320,0.08339085374986203,76516,12,10,87,109,427877,0.08339085374986203,155525,10,2,12,0.026916016434005974,109,1674,87,246,1549,2,3469,1428,0.07270852076224689,232041,76516,
1674,0.026916016434005974,1549,246,1428,3469,119320,232041,427877,0.07270852076224689,155525,119320,0.08339085374986203,76516,12,10,87,109,427877,0.08339085374986203,155525,10,2,12,0.026916016434005974,109,1674,87,246,1549,2,3469,1428,0.07270852076224689,232041,76516,
757,0.16161331805528759,355,259,498,1371,119320,232041,427877,0.06761734196980768,155525,119320,0.08339085374986203,76516,63,3,2,68,427877,0.08339085374986203,155525,3,60,63,0.16161331805528759,68,757,2,259,355,60,1371,498,0.06761734196980768,232041,76516,
757,0.0013160362802338667,355,259,498,1371,119320,232041,427877,0.06761734196980768,155525,119320,0.08339085374986203,76516,29,2,30,61,427877,0.08339085374986203,155525,2,27,29,0.0013160362802338667,61,757,30,259,355,27,1371,498,0.06761734196980768,232041,76516,
757,0.0013160362802338667,355,259,498,1371,119320,232041,427877,0.06761734196980768,155525,119320,0.08339085374986203,76516,29,2,30,61,427877,0.08339085374986203,155525,2,27,29,0.0013160362802338667,61,757,30,259,355,27,1371,498,0.06761734196980768,232041,76516,
757,0.0013160362802338667,355,259,498,1371,119320,232041,427877,0.06761734196980768,155525,119320,0.08339085374986203,76516,29,2,30,61,427877,0.08339085374986203,155525,2,27,29,0.0013160362802338667,61,757,30,259,355,27,1371,498,0.06761734196980768,232041,76516,
757,0.0013160362802338667,355,259,498,1371,119320,232041,427877,0.06761734196980768,155525,119320,0.08339085374986203,76516,29,2,30,61,427877,0.08339085374986203,155525,2,27,29,0.0013160362802338667,61,757,30,259,355,27,1371,498,0.06761734196980768,232041,76516,
757,0.08781972978910195,355,259,498,1371,119320,232041,427877,0.06761734196980768,155525,119320,0.08339085374986203,76516,182,34,160,376,427877,0.08339085374986203,155525,34,148,182,0.08781972978910195,376,757,160,259,355,148,1371,498,0.06761734196980768,232041,76516,
757,0.08781972978910195,355,259,498,1371,119320,232041,427877,0.06761734196980768,155525,119320,0.08339085374986203,76516,182,34,160,376,427877,0.08339085374986203,155525,34,148,182,0.08781972978910195,376,757,160,259,355,148,1371,498,0.06761734196980768,232041,76516,
757,0.08781972978910195,355,259,498,1371,119320,232041,427877,0.06761734196980768,155525,119320,0.08339085374986203,76516,182,34,160,376,427877,0.08339085374986203,155525,34,148,182,0.08781972978910195,376,757,160,259,355,148,1371,498,0.06761734196980768,232041,76516,
757,0.05798045756228048,355,259,498,1371,119320,232041,427877,0.06761734196980768,155525,119320,0.08339085374986203,76516,14,21,5,40,427877,0.08339085374986203,155525,21,-7,14,0.05798045756228048,40,757,5,259,355,-7,1371,498,0.06761734196980768,232041,76516,
757,0.05798045756228048,355,259,498,1371,119320,232041,427877,0.06761734196980768,155525,119320,0.08339085374986203,76516,14,21,5,40,427877,0.08339085374986203,155525,21,-7,14,0.05798045756228048,40,757,5,259,355,-7,1371,498,0.06761734196980768,232041,76516,
757,0.016169265757161697,355,259,498,1371,119320,232041,427877,0.06761734196980768,155525,119320,0.08339085374986203,76516,9,13,81,103,427877,0.08339085374986203,155525,13,-4,9,0.016169265757161697,103,757,81,259,355,-4,1371,498,0.06761734196980768,232041,76516,
216,0.041847323225982724,23,117,99,356,119320,232041,427877,0.041773657520384554,155525,119320,0.08339085374986203,76516,18,39,1,58,427877,0.08339085374986203,155525,39,-21,18,0.041847323225982724,58,216,1,117,23,-21,356,99,0.041773657520384554,232041,76516,
216,0.041847323225982724,23,117,99,356,119320,232041,427877,0.041773657520384554,155525,119320,0.08339085374986203,76516,18,39,1,58,427877,0.08339085374986203,155525,39,-21,18,0.041847323225982724,58,216,1,117,23,-21,356,99,0.041773657520384554,232041,76516,
216,0.041847323225982724,23,117,99,356,119320,232041,427877,0.041773657520384554,155525,119320,0.08339085374986203,76516,18,39,1,58,427877,0.08339085374986203,155525,39,-21,18,0.041847323225982724,58,216,1,117,23,-21,356,99,0.041773657520384554,232041,76516,
216,0.041847323225982724,23,117,99,356,119320,232041,427877,0.041773657520384554,155525,119320,0.08339085374986203,76516,18,39,1,58,427877,0.08339085374986203,155525,39,-21,18,0.041847323225982724,58,216,1,117,23,-21,356,99,0.041773657520384554,232041,76516,
216,0.041847323225982724,23,117,99,356,119320,232041,427877,0.041773657520384554,155525,119320,0.08339085374986203,76516,18,39,1,58,427877,0.08339085374986203,155525,39,-21,18,0.041847323225982724,58,216,1,117,23,-21,356,99,0.041773657520384554,232041,76516,
216,0.041847323225982724,23,117,99,356,119320,232041,427877,0.041773657520384554,155525,119320,0.08339085374986203,76516,18,39,1,58,427877,0.08339085374986203,155525,39,-21,18,0.041847323225982724,58,216,1,117,23,-21,356,99,0.041773657520384554,232041,76516,
216,0.041847323225982724,23,117,99,356,119320,232041,427877,0.041773657520384554,155525,119320,0.08339085374986203,76516,18,39,1,58,427877,0.08339085374986203,155525,39,-21,18,0.041847323225982724,58,216,1,117,23,-21,356,99,0.041773657520384554,232041,76516,
216,0.041847323225982724,23,117,99,356,119320,232041,427877,0.041773657520384554,155525,119320,0.08339085374986203,76516,18,39,1,58,427877,0.08339085374986203,155525,39,-21,18,0.041847323225982724,58,216,1,117,23,-21,356,99,0.041773657520384554,232041,76516,
216,0.041847323225982724,23,117,99,356,119320,232041,427877,0.041773657520384554,155525,119320,0.08339085374986203,76516,18,39,1,58,427877,0.08339085374986203,155525,39,-21,18,0.041847323225982724,58,216,1,117,23,-21,356,99,0.041773657520384554,232041,76516,
216,0.0850231439432676,23,117,99,356,119320,232041,427877,0.041773657520384554,155525,119320,0.08339085374986203,76516,26,14,3,43,427877,0.08339085374986203,155525,14,12,26,0.0850231439432676,43,216,3,117,23,12,356,99,0.041773657520384554,232041,76516,
216,0.0850231439432676,23,117,99,356,119320,232041,427877,0.041773657520384554,155525,119320,0.08339085374986203,76516,26,14,3,43,427877,0.08339085374986203,155525,14,12,26,0.0850231439432676,43,216,3,117,23,12,356,99,0.041773657520384554,232041,76516,
216,0.0850231439432676,23,117,99,356,119320,232041,427877,0.041773657520384554,155525,119320,0.08339085374986203,76516,26,14,3,43,427877,0.08339085374986203,155525,14,12,26,0.0850231439432676,43,216,3,117,23,12,356,99,0.041773657520384554,232041,76516,
216,0.0850231439432676,23,117,99,356,119320,232041,427877,0.041773657520384554,155525,119320,0.08339085374986203,76516,26,14,3,43,427877,0.08339085374986203,155525,14,12,26,0.0850231439432676,43,216,3,117,23,12,356,99,0.041773657520384554,232041,76516,
371,0.009693505852155766,625,96,275,1092,119320,232041,427877,0.05228412300594817,155525,119320,0.08339085374986203,76516,8,8,79,95,427877,0.08339085374986203,155525,8,0,8,0.009693505852155766,95,371,79,96,625,0,1092,275,0.05228412300594817,232041,76516,
371,0.009693505852155766,625,96,275,1092,119320,232041,427877,0.05228412300594817,155525,119320,0.08339085374986203,76516,8,8,79,95,427877,0.08339085374986203,155525,8,0,8,0.009693505852155766,95,371,79,96,625,0,1092,275,0.05228412300594817,232041,76516,
371,0.009693505852155766,625,96,275,1092,119320,232041,427877,0.05228412300594817,155525,119320,0.08339085374986203,76516,8,8,79,95,427877,0.08339085374986203,155525,8,0,8,0.009693505852155766,95,371,79,96,625,0,1092,275,0.05228412300594817,232041,76516,
1339,0.09467135815550269,899,154,1185,2392,119320,232041,427877,0.09309251128126643,155525,119320,0.08339085374986203,76516,396,47,11,454,427877,0.08339085374986203,155525,47,349,396,0.09467135815550269,454,1339,11,154,899,349,2392,1185,0.09309251128126643,232041,76516,
1339,0.12835931681626078,899,154,1185,2392,119320,232041,427877,0.09309251128126643,155525,119320,0.08339085374986203,76516,288,19,22,329,427877,0.08339085374986203,155525,19,269,288,0.12835931681626078,329,1339,22,154,899,269,2392,1185,0.09309251128126643,232041,76516,
1339,0.12835931681626078,899,154,1185,2392,119320,232041,427877,0.09309251128126643,155525,119320,0.08339085374986203,76516,288,19,22,329,427877,0.08339085374986203,155525,19,269,288,0.12835931681626078,329,1339,22,154,899,269,2392,1185,0.09309251128126643,232041,76516,
1339,0.10008537987033876,899,154,1185,2392,119320,232041,427877,0.09309251128126643,155525,119320,0.08339085374986203,76516,358,32,578,968,427877,0.08339085374986203,155525,32,326,358,0.10008537987033876,968,1339,578,154,899,326,2392,1185,0.09309251128126643,232041,76516,
1339,0.10008537987033876,899,154,1185,2392,119320,232041,427877,0.09309251128126643,155525,119320,0.08339085374986203,76516,358,32,578,968,427877,0.08339085374986203,155525,32,326,358,0.10008537987033876,968,1339,578,154,899,326,2392,1185,0.09309251128126643,232041,76516,
1339,0.10008537987033876,899,154,1185,2392,119320,232041,427877,0.09309251128126643,155525,119320,0.08339085374986203,76516,358,32,578,968,427877,0.08339085374986203,155525,32,326,358,0.10008537987033876,968,1339,578,154,899,326,2392,1185,0.09309251128126643,232041,76516,
1339,0.10008537987033876,899,154,1185,2392,119320,232041,427877,0.09309251128126643,155525,119320,0.08339085374986203,76516,358,32,578,968,427877,0.08339085374986203,155525,32,326,358,0.10008537987033876,968,1339,578,154,899,326,2392,1185,0.09309251128126643,232041,76516,
1339,0.10008537987033876,899,154,1185,2392,119320,232041,427877,0.09309251128126643,155525,119320,0.08339085374986203,76516,358,32,578,968,427877,0.08339085374986203,155525,32,326,358,0.10008537987033876,968,1339,578,154,899,326,2392,1185,0.09309251128126643,232041,76516,
1339,0.10008537987033876,899,154,1185,2392,119320,232041,427877,0.09309251128126643,155525,119320,0.08339085374986203,76516,358,32,578,968,427877,0.08339085374986203,155525,32,326,358,0.10008537987033876,968,1339,578,154,899,326,2392,1185,0.09309251128126643,232041,76516,
1339,0.10008537987033876,899,154,1185,2392,119320,232041,427877,0.09309251128126643,155525,119320,0.08339085374986203,76516,358,32,578,968,427877,0.08339085374986203,155525,32,326,358,0.10008537987033876,968,1339,578,154,899,326,2392,1185,0.09309251128126643,232041,76516,
1339,0.06358914272698694,899,154,1185,2392,119320,232041,427877,0.09309251128126643,155525,119320,0.08339085374986203,76516,277,33,226,536,427877,0.08339085374986203,155525,33,244,277,0.06358914272698694,536,1339,226,154,899,244,2392,1185,0.09309251128126643,232041,76516,
1339,0.06358914272698694,899,154,1185,2392,119320,232041,427877,0.09309251128126643,155525,119320,0.08339085374986203,76516,277,33,226,536,427877,0.08339085374986203,155525,33,244,277,0.06358914272698694,536,1339,226,154,899,244,2392,1185,0.09309251128126643,232041,76516,
1339,0.06358914272698694,899,154,1185,2392,119320,232041,427877,0.09309251128126643,155525,119320,0.08339085374986203,76516,277,33,226,536,427877,0.08339085374986203,155525,33,244,277,0.06358914272698694,536,1339,226,154,899,244,2392,1185,0.09309251128126643,232041,76516,
572,0.05170231619310116,439,63,509,1074,119320,232041,427877,0.08524386449577419,155525,119320,0.08339085374986203,76516,171,22,162,355,427877,0.08339085374986203,155525,22,149,171,0.05170231619310116,355,572,162,63,439,149,1074,509,0.08524386449577419,232041,76516,
572,0.3478154148257241,439,63,509,1074,119320,232041,427877,0.08524386449577419,155525,119320,0.08339085374986203,76516,54,3,0,57,427877,0.08339085374986203,155525,3,51,54,0.3478154148257241,57,572,0,63,439,51,1074,509,0.08524386449577419,232041,76516,
1230,0.03371627042539335,368,83,1147,1681,119320,232041,427877,0.021013814406657214,155525,119320,0.08339085374986203,76516,641,31,2,674,427877,0.08339085374986203,155525,31,610,641,0.03371627042539335,674,1230,2,83,368,610,1681,1147,0.021013814406657214,232041,76516,
1230,0.03371627042539335,368,83,1147,1681,119320,232041,427877,0.021013814406657214,155525,119320,0.08339085374986203,76516,641,31,2,674,427877,0.08339085374986203,155525,31,610,641,0.03371627042539335,674,1230,2,83,368,610,1681,1147,0.021013814406657214,232041,76516,
1230,0.03371627042539335,368,83,1147,1681,119320,232041,427877,0.021013814406657214,155525,119320,0.08339085374986203,76516,641,31,2,674,427877,0.08339085374986203,155525,31,610,641,0.03371627042539335,674,1230,2,83,368,610,1681,1147,0.021013814406657214,232041,76516,
3666,5.267188578809848E-4,1260,586,3080,5512,119320,232041,427877,0.06598216526757326,155525,119320,0.08339085374986203,76516,101,7,0,108,427877,0.08339085374986203,155525,7,94,101,5.267188578809848E-4,108,3666,0,586,1260,94,5512,3080,0.06598216526757326,232041,76516,
3666,5.267188578809848E-4,1260,586,3080,5512,119320,232041,427877,0.06598216526757326,155525,119320,0.08339085374986203,76516,101,7,0,108,427877,0.08339085374986203,155525,7,94,101,5.267188578809848E-4,108,3666,0,586,1260,94,5512,3080,0.06598216526757326,232041,76516,
3666,0.16501262612971848,1260,586,3080,5512,119320,232041,427877,0.06598216526757326,155525,119320,0.08339085374986203,76516,315,135,15,465,427877,0.08339085374986203,155525,135,180,315,0.16501262612971848,465,3666,15,586,1260,180,5512,3080,0.06598216526757326,232041,76516,
3666,0.13678767822219576,1260,586,3080,5512,119320,232041,427877,0.06598216526757326,155525,119320,0.08339085374986203,76516,406,88,52,546,427877,0.08339085374986203,155525,88,318,406,0.13678767822219576,546,3666,52,586,1260,318,5512,3080,0.06598216526757326,232041,76516,
3666,0.17623520930631964,1260,586,3080,5512,119320,232041,427877,0.06598216526757326,155525,119320,0.08339085374986203,76516,280,54,1,335,427877,0.08339085374986203,155525,54,226,280,0.17623520930631964,335,3666,1,586,1260,226,5512,3080,0.06598216526757326,232041,76516,
3666,0.056496287001580534,1260,586,3080,5512,119320,232041,427877,0.06598216526757326,155525,119320,0.08339085374986203,76516,114,10,3,127,427877,0.08339085374986203,155525,10,104,114,0.056496287001580534,127,3666,3,586,1260,104,5512,3080,0.06598216526757326,232041,76516,
3666,0.029893433697959673,1260,586,3080,5512,119320,232041,427877,0.06598216526757326,155525,119320,0.08339085374986203,76516,16,14,205,235,427877,0.08339085374986203,155525,14,2,16,0.029893433697959673,235,3666,205,586,1260,2,5512,3080,0.06598216526757326,232041,76516,
3666,0.04177988255437463,1260,586,3080,5512,119320,232041,427877,0.06598216526757326,155525,119320,0.08339085374986203,76516,114,21,0,135,427877,0.08339085374986203,155525,21,93,114,0.04177988255437463,135,3666,0,586,1260,93,5512,3080,0.06598216526757326,232041,76516,
3666,0.04177988255437463,1260,586,3080,5512,119320,232041,427877,0.06598216526757326,155525,119320,0.08339085374986203,76516,114,21,0,135,427877,0.08339085374986203,155525,21,93,114,0.04177988255437463,135,3666,0,586,1260,93,5512,3080,0.06598216526757326,232041,76516,
3666,0.01645993595940674,1260,586,3080,5512,119320,232041,427877,0.06598216526757326,155525,119320,0.08339085374986203,76516,238,9,5,252,427877,0.08339085374986203,155525,9,229,238,0.01645993595940674,252,3666,5,586,1260,229,5512,3080,0.06598216526757326,232041,76516,
3666,0.03110637039662289,1260,586,3080,5512,119320,232041,427877,0.06598216526757326,155525,119320,0.08339085374986203,76516,91,7,3,101,427877,0.08339085374986203,155525,7,84,91,0.03110637039662289,101,3666,3,586,1260,84,5512,3080,0.06598216526757326,232041,76516,
6150,0.0018535681186283596,2450,2932,3218,11532,119320,232041,427877,0.1128158406243866,155525,119320,0.08339085374986203,76516,0,2,0,2,427877,0.08339085374986203,155525,2,-2,0,0.0018535681186283596,2,6150,0,2932,2450,-2,11532,3218,0.1128158406243866,232041,76516,
6150,0.0018535681186283596,2450,2932,3218,11532,119320,232041,427877,0.1128158406243866,155525,119320,0.08339085374986203,76516,0,2,0,2,427877,0.08339085374986203,155525,2,-2,0,0.0018535681186283596,2,6150,0,2932,2450,-2,11532,3218,0.1128158406243866,232041,76516,
6150,0.0018535681186283596,2450,2932,3218,11532,119320,232041,427877,0.1128158406243866,155525,119320,0.08339085374986203,76516,0,2,0,2,427877,0.08339085374986203,155525,2,-2,0,0.0018535681186283596,2,6150,0,2932,2450,-2,11532,3218,0.1128158406243866,232041,76516,
6150,0.2617166499810297,2450,2932,3218,11532,119320,232041,427877,0.1128158406243866,155525,119320,0.08339085374986203,76516,2445,2140,171,4756,427877,0.08339085374986203,155525,2140,305,2445,0.2617166499810297,4756,6150,171,2932,2450,305,11532,3218,0.1128158406243866,232041,76516,
6150,0.2617166499810297,2450,2932,3218,11532,119320,232041,427877,0.1128158406243866,155525,119320,0.08339085374986203,76516,2445,2140,171,4756,427877,0.08339085374986203,155525,2140,305,2445,0.2617166499810297,4756,6150,171,2932,2450,305,11532,3218,0.1128158406243866,232041,76516,
6150,0.16770266663817898,2450,2932,3218,11532,119320,232041,427877,0.1128158406243866,155525,119320,0.08339085374986203,76516,362,109,17,488,427877,0.08339085374986203,155525,109,253,362,0.16770266663817898,488,6150,17,2932,2450,253,11532,3218,0.1128158406243866,232041,76516,
6150,0.046404636991014485,2450,2932,3218,11532,119320,232041,427877,0.1128158406243866,155525,119320,0.08339085374986203,76516,1203,95,2,1300,427877,0.08339085374986203,155525,95,1108,1203,0.046404636991014485,1300,6150,2,2932,2450,1108,11532,3218,0.1128158406243866,232041,76516,
6150,0.046404636991014485,2450,2932,3218,11532,119320,232041,427877,0.1128158406243866,155525,119320,0.08339085374986203,76516,1203,95,2,1300,427877,0.08339085374986203,155525,95,1108,1203,0.046404636991014485,1300,6150,2,2932,2450,1108,11532,3218,0.1128158406243866,232041,76516,
6150,0.046404636991014485,2450,2932,3218,11532,119320,232041,427877,0.1128158406243866,155525,119320,0.08339085374986203,76516,1203,95,2,1300,427877,0.08339085374986203,155525,95,1108,1203,0.046404636991014485,1300,6150,2,2932,2450,1108,11532,3218,0.1128158406243866,232041,76516,
6150,0.046404636991014485,2450,2932,3218,11532,119320,232041,427877,0.1128158406243866,155525,119320,0.08339085374986203,76516,1203,95,2,1300,427877,0.08339085374986203,155525,95,1108,1203,0.046404636991014485,1300,6150,2,2932,2450,1108,11532,3218,0.1128158406243866,232041,76516,
6150,0.046404636991014485,2450,2932,3218,11532,119320,232041,427877,0.1128158406243866,155525,119320,0.08339085374986203,76516,1203,95,2,1300,427877,0.08339085374986203,155525,95,1108,1203,0.046404636991014485,1300,6150,2,2932,2450,1108,11532,3218,0.1128158406243866,232041,76516,
6150,0.046404636991014485,2450,2932,3218,11532,119320,232041,427877,0.1128158406243866,155525,119320,0.08339085374986203,76516,1203,95,2,1300,427877,0.08339085374986203,155525,95,1108,1203,0.046404636991014485,1300,6150,2,2932,2450,1108,11532,3218,0.1128158406243866,232041,76516,
6150,0.046404636991014485,2450,2932,3218,11532,119320,232041,427877,0.1128158406243866,155525,119320,0.08339085374986203,76516,1203,95,2,1300,427877,0.08339085374986203,155525,95,1108,1203,0.046404636991014485,1300,6150,2,2932,2450,1108,11532,3218,0.1128158406243866,232041,76516,
6150,0.046404636991014485,2450,2932,3218,11532,119320,232041,427877,0.1128158406243866,155525,119320,0.08339085374986203,76516,1203,95,2,1300,427877,0.08339085374986203,155525,95,1108,1203,0.046404636991014485,1300,6150,2,2932,2450,1108,11532,3218,0.1128158406243866,232041,76516,
6150,0.06875902651041481,2450,2932,3218,11532,119320,232041,427877,0.1128158406243866,155525,119320,0.08339085374986203,76516,598,58,598,1254,427877,0.08339085374986203,155525,58,540,598,0.06875902651041481,1254,6150,598,2932,2450,540,11532,3218,0.1128158406243866,232041,76516,
6150,0.3540339578321728,2450,2932,3218,11532,119320,232041,427877,0.1128158406243866,155525,119320,0.08339085374986203,76516,382,32,4,418,427877,0.08339085374986203,155525,32,350,382,0.3540339578321728,418,6150,4,2932,2450,350,11532,3218,0.1128158406243866,232041,76516,
694,0.09,100,25,669,819,119320,232041,427877,0.10992556389410775,155525,119320,0.08339085374986203,76516,6,3,7,16,427877,0.08339085374986203,155525,3,3,6,0.09,16,694,7,25,100,3,819,669,0.10992556389410775,232041,76516,
694,0.09,100,25,669,819,119320,232041,427877,0.10992556389410775,155525,119320,0.08339085374986203,76516,6,3,7,16,427877,0.08339085374986203,155525,3,3,6,0.09,16,694,7,25,100,3,819,669,0.10992556389410775,232041,76516,
694,0.09,100,25,669,819,119320,232041,427877,0.10992556389410775,155525,119320,0.08339085374986203,76516,6,3,7,16,427877,0.08339085374986203,155525,3,3,6,0.09,16,694,7,25,100,3,819,669,0.10992556389410775,232041,76516,
694,0.09,100,25,669,819,119320,232041,427877,0.10992556389410775,155525,119320,0.08339085374986203,76516,6,3,7,16,427877,0.08339085374986203,155525,3,3,6,0.09,16,694,7,25,100,3,819,669,0.10992556389410775,232041,76516,
694,0.09,100,25,669,819,119320,232041,427877,0.10992556389410775,155525,119320,0.08339085374986203,76516,6,3,7,16,427877,0.08339085374986203,155525,3,3,6,0.09,16,694,7,25,100,3,819,669,0.10992556389410775,232041,76516,
694,0.09,100,25,669,819,119320,232041,427877,0.10992556389410775,155525,119320,0.08339085374986203,76516,6,3,7,16,427877,0.08339085374986203,155525,3,3,6,0.09,16,694,7,25,100,3,819,669,0.10992556389410775,232041,76516,
694,0.09,100,25,669,819,119320,232041,427877,0.10992556389410775,155525,119320,0.08339085374986203,76516,6,3,7,16,427877,0.08339085374986203,155525,3,3,6,0.09,16,694,7,25,100,3,819,669,0.10992556389410775,232041,76516,
694,0.09,100,25,669,819,119320,232041,427877,0.10992556389410775,155525,119320,0.08339085374986203,76516,6,3,7,16,427877,0.08339085374986203,155525,3,3,6,0.09,16,694,7,25,100,3,819,669,0.10992556389410775,232041,76516,
694,0.13537117903930132,100,25,669,819,119320,232041,427877,0.10992556389410775,155525,119320,0.08339085374986203,76516,7,6,80,93,427877,0.08339085374986203,155525,6,1,7,0.13537117903930132,93,694,80,25,100,1,819,669,0.10992556389410775,232041,76516,
694,0.13537117903930132,100,25,669,819,119320,232041,427877,0.10992556389410775,155525,119320,0.08339085374986203,76516,7,6,80,93,427877,0.08339085374986203,155525,6,1,7,0.13537117903930132,93,694,80,25,100,1,819,669,0.10992556389410775,232041,76516,
694,0.22185212188632164,100,25,669,819,119320,232041,427877,0.10992556389410775,155525,119320,0.08339085374986203,76516,661,10,1,672,427877,0.08339085374986203,155525,10,651,661,0.22185212188632164,672,694,1,25,100,651,819,669,0.10992556389410775,232041,76516,
694,0.22185212188632164,100,25,669,819,119320,232041,427877,0.10992556389410775,155525,119320,0.08339085374986203,76516,661,10,1,672,427877,0.08339085374986203,155525,10,651,661,0.22185212188632164,672,694,1,25,100,651,819,669,0.10992556389410775,232041,76516,
694,0.22185212188632164,100,25,669,819,119320,232041,427877,0.10992556389410775,155525,119320,0.08339085374986203,76516,661,10,1,672,427877,0.08339085374986203,155525,10,651,661,0.22185212188632164,672,694,1,25,100,651,819,669,0.10992556389410775,232041,76516,
694,0.22185212188632164,100,25,669,819,119320,232041,427877,0.10992556389410775,155525,119320,0.08339085374986203,76516,661,10,1,672,427877,0.08339085374986203,155525,10,651,661,0.22185212188632164,672,694,1,25,100,651,819,669,0.10992556389410775,232041,76516,
694,0.22185212188632164,100,25,669,819,119320,232041,427877,0.10992556389410775,155525,119320,0.08339085374986203,76516,661,10,1,672,427877,0.08339085374986203,155525,10,651,661,0.22185212188632164,672,694,1,25,100,651,819,669,0.10992556389410775,232041,76516,
1589,0.39647058823529413,42,593,996,2224,119320,232041,427877,0.1106096778857123,155525,119320,0.08339085374986203,76516,47,6,0,53,427877,0.08339085374986203,155525,6,41,47,0.39647058823529413,53,1589,0,593,42,41,2224,996,0.1106096778857123,232041,76516,
1589,0.39647058823529413,42,593,996,2224,119320,232041,427877,0.1106096778857123,155525,119320,0.08339085374986203,76516,47,6,0,53,427877,0.08339085374986203,155525,6,41,47,0.39647058823529413,53,1589,0,593,42,41,2224,996,0.1106096778857123,232041,76516,
1589,0.39647058823529413,42,593,996,2224,119320,232041,427877,0.1106096778857123,155525,119320,0.08339085374986203,76516,47,6,0,53,427877,0.08339085374986203,155525,6,41,47,0.39647058823529413,53,1589,0,593,42,41,2224,996,0.1106096778857123,232041,76516,
1589,0.19165582359431133,42,593,996,2224,119320,232041,427877,0.1106096778857123,155525,119320,0.08339085374986203,76516,55,47,0,102,427877,0.08339085374986203,155525,47,8,55,0.19165582359431133,102,1589,0,593,42,8,2224,996,0.1106096778857123,232041,76516,
1589,0.13242176399545325,42,593,996,2224,119320,232041,427877,0.1106096778857123,155525,119320,0.08339085374986203,76516,211,8,0,219,427877,0.08339085374986203,155525,8,203,211,0.13242176399545325,219,1589,0,593,42,203,2224,996,0.1106096778857123,232041,76516,
1589,0.06917846695181525,42,593,996,2224,119320,232041,427877,0.1106096778857123,155525,119320,0.08339085374986203,76516,18,6,4,28,427877,0.08339085374986203,155525,6,12,18,0.06917846695181525,28,1589,4,593,42,12,2224,996,0.1106096778857123,232041,76516,
1589,0.13279192273924495,42,593,996,2224,119320,232041,427877,0.1106096778857123,155525,119320,0.08339085374986203,76516,17,0,1,18,427877,0.08339085374986203,155525,0,17,17,0.13279192273924495,18,1589,1,593,42,17,2224,996,0.1106096778857123,232041,76516,
1589,0.13279192273924495,42,593,996,2224,119320,232041,427877,0.1106096778857123,155525,119320,0.08339085374986203,76516,17,0,1,18,427877,0.08339085374986203,155525,0,17,17,0.13279192273924495,18,1589,1,593,42,17,2224,996,0.1106096778857123,232041,76516,
1589,0.031186968971219562,42,593,996,2224,119320,232041,427877,0.1106096778857123,155525,119320,0.08339085374986203,76516,11,5,0,16,427877,0.08339085374986203,155525,5,6,11,0.031186968971219562,16,1589,0,593,42,6,2224,996,0.1106096778857123,232041,76516,
1589,0.0710363690666796,42,593,996,2224,119320,232041,427877,0.1106096778857123,155525,119320,0.08339085374986203,76516,11,7,1,19,427877,0.08339085374986203,155525,7,4,11,0.0710363690666796,19,1589,1,593,42,4,2224,996,0.1106096778857123,232041,76516,
1589,0.0710363690666796,42,593,996,2224,119320,232041,427877,0.1106096778857123,155525,119320,0.08339085374986203,76516,11,7,1,19,427877,0.08339085374986203,155525,7,4,11,0.0710363690666796,19,1589,1,593,42,4,2224,996,0.1106096778857123,232041,76516,
1842,0.244646810286357,1476,514,1328,3832,119320,232041,427877,0.09138641117588588,155525,119320,0.08339085374986203,76516,598,111,20,729,427877,0.08339085374986203,155525,111,487,598,0.244646810286357,729,1842,20,514,1476,487,3832,1328,0.09138641117588588,232041,76516,
1842,0.244646810286357,1476,514,1328,3832,119320,232041,427877,0.09138641117588588,155525,119320,0.08339085374986203,76516,598,111,20,729,427877,0.08339085374986203,155525,111,487,598,0.244646810286357,729,1842,20,514,1476,487,3832,1328,0.09138641117588588,232041,76516,
1842,0.15566875690784152,1476,514,1328,3832,119320,232041,427877,0.09138641117588588,155525,119320,0.08339085374986203,76516,125,103,444,672,427877,0.08339085374986203,155525,103,22,125,0.15566875690784152,672,1842,444,514,1476,22,3832,1328,0.09138641117588588,232041,76516,
1842,0.15566875690784152,1476,514,1328,3832,119320,232041,427877,0.09138641117588588,155525,119320,0.08339085374986203,76516,125,103,444,672,427877,0.08339085374986203,155525,103,22,125,0.15566875690784152,672,1842,444,514,1476,22,3832,1328,0.09138641117588588,232041,76516,
4831,0.22769851296740007,2787,2639,2192,10257,119320,232041,427877,0.16578102973254685,155525,119320,0.08339085374986203,76516,711,126,603,1440,427877,0.08339085374986203,155525,126,585,711,0.22769851296740007,1440,4831,603,2639,2787,585,10257,2192,0.16578102973254685,232041,76516,
4831,0.22769851296740007,2787,2639,2192,10257,119320,232041,427877,0.16578102973254685,155525,119320,0.08339085374986203,76516,711,126,603,1440,427877,0.08339085374986203,155525,126,585,711,0.22769851296740007,1440,4831,603,2639,2787,585,10257,2192,0.16578102973254685,232041,76516,
4831,0.22769851296740007,2787,2639,2192,10257,119320,232041,427877,0.16578102973254685,155525,119320,0.08339085374986203,76516,711,126,603,1440,427877,0.08339085374986203,155525,126,585,711,0.22769851296740007,1440,4831,603,2639,2787,585,10257,2192,0.16578102973254685,232041,76516,
4831,0.22769851296740007,2787,2639,2192,10257,119320,232041,427877,0.16578102973254685,155525,119320,0.08339085374986203,76516,711,126,603,1440,427877,0.08339085374986203,155525,126,585,711,0.22769851296740007,1440,4831,603,2639,2787,585,10257,2192,0.16578102973254685,232041,76516,
4831,0.22769851296740007,2787,2639,2192,10257,119320,232041,427877,0.16578102973254685,155525,119320,0.08339085374986203,76516,711,126,603,1440,427877,0.08339085374986203,155525,126,585,711,0.22769851296740007,1440,4831,603,2639,2787,585,10257,2192,0.16578102973254685,232041,76516,
4831,0.1680024312937445,2787,2639,2192,10257,119320,232041,427877,0.16578102973254685,155525,119320,0.08339085374986203,76516,1239,321,1015,2575,427877,0.08339085374986203,155525,321,918,1239,0.1680024312937445,2575,4831,1015,2639,2787,918,10257,2192,0.16578102973254685,232041,76516,
4831,0.0602234275039299,2787,2639,2192,10257,119320,232041,427877,0.16578102973254685,155525,119320,0.08339085374986203,76516,13,16,388,417,427877,0.08339085374986203,155525,16,-3,13,0.0602234275039299,417,4831,388,2639,2787,-3,10257,2192,0.16578102973254685,232041,76516,
4831,0.14432847927075892,2787,2639,2192,10257,119320,232041,427877,0.16578102973254685,155525,119320,0.08339085374986203,76516,156,24,263,443,427877,0.08339085374986203,155525,24,132,156,0.14432847927075892,443,4831,263,2639,2787,132,10257,2192,0.16578102973254685,232041,76516,
9566,0.012101285330185587,5389,7830,1736,22785,119320,232041,427877,0.12277887456783187,155525,119320,0.08339085374986203,76516,10,1,0,11,427877,0.08339085374986203,155525,1,9,10,0.012101285330185587,11,9566,0,7830,5389,9,22785,1736,0.12277887456783187,232041,76516,
9566,0.012101285330185587,5389,7830,1736,22785,119320,232041,427877,0.12277887456783187,155525,119320,0.08339085374986203,76516,10,1,0,11,427877,0.08339085374986203,155525,1,9,10,0.012101285330185587,11,9566,0,7830,5389,9,22785,1736,0.12277887456783187,232041,76516,
9566,0.16120955457929276,5389,7830,1736,22785,119320,232041,427877,0.12277887456783187,155525,119320,0.08339085374986203,76516,654,522,48,1224,427877,0.08339085374986203,155525,522,132,654,0.16120955457929276,1224,9566,48,7830,5389,132,22785,1736,0.12277887456783187,232041,76516,
9566,0.16120955457929276,5389,7830,1736,22785,119320,232041,427877,0.12277887456783187,155525,119320,0.08339085374986203,76516,654,522,48,1224,427877,0.08339085374986203,155525,522,132,654,0.16120955457929276,1224,9566,48,7830,5389,132,22785,1736,0.12277887456783187,232041,76516,
9566,0.16120955457929276,5389,7830,1736,22785,119320,232041,427877,0.12277887456783187,155525,119320,0.08339085374986203,76516,654,522,48,1224,427877,0.08339085374986203,155525,522,132,654,0.16120955457929276,1224,9566,48,7830,5389,132,22785,1736,0.12277887456783187,232041,76516,
9566,0.16120955457929276,5389,7830,1736,22785,119320,232041,427877,0.12277887456783187,155525,119320,0.08339085374986203,76516,654,522,48,1224,427877,0.08339085374986203,155525,522,132,654,0.16120955457929276,1224,9566,48,7830,5389,132,22785,1736,0.12277887456783187,232041,76516,
9566,0.15122112690874068,5389,7830,1736,22785,119320,232041,427877,0.12277887456783187,155525,119320,0.08339085374986203,76516,51,33,7,91,427877,0.08339085374986203,155525,33,18,51,0.15122112690874068,91,9566,7,7830,5389,18,22785,1736,0.12277887456783187,232041,76516,
9566,0.15122112690874068,5389,7830,1736,22785,119320,232041,427877,0.12277887456783187,155525,119320,0.08339085374986203,76516,51,33,7,91,427877,0.08339085374986203,155525,33,18,51,0.15122112690874068,91,9566,7,7830,5389,18,22785,1736,0.12277887456783187,232041,76516,
9566,0.15122112690874068,5389,7830,1736,22785,119320,232041,427877,0.12277887456783187,155525,119320,0.08339085374986203,76516,51,33,7,91,427877,0.08339085374986203,155525,33,18,51,0.15122112690874068,91,9566,7,7830,5389,18,22785,1736,0.12277887456783187,232041,76516,
9566,0.022222222222222223,5389,7830,1736,22785,119320,232041,427877,0.12277887456783187,155525,119320,0.08339085374986203,76516,0,1,0,1,427877,0.08339085374986203,155525,1,-1,0,0.022222222222222223,1,9566,0,7830,5389,-1,22785,1736,0.12277887456783187,232041,76516,
9566,0.14986191990460015,5389,7830,1736,22785,119320,232041,427877,0.12277887456783187,155525,119320,0.08339085374986203,76516,55,112,31,198,427877,0.08339085374986203,155525,112,-57,55,0.14986191990460015,198,9566,31,7830,5389,-57,22785,1736,0.12277887456783187,232041,76516,
9566,0.07274527634572343,5389,7830,1736,22785,119320,232041,427877,0.12277887456783187,155525,119320,0.08339085374986203,76516,145,18,155,318,427877,0.08339085374986203,155525,18,127,145,0.07274527634572343,318,9566,155,7830,5389,127,22785,1736,0.12277887456783187,232041,76516,
9566,0.07274527634572343,5389,7830,1736,22785,119320,232041,427877,0.12277887456783187,155525,119320,0.08339085374986203,76516,145,18,155,318,427877,0.08339085374986203,155525,18,127,145,0.07274527634572343,318,9566,155,7830,5389,127,22785,1736,0.12277887456783187,232041,76516,
9566,0.07274527634572343,5389,7830,1736,22785,119320,232041,427877,0.12277887456783187,155525,119320,0.08339085374986203,76516,145,18,155,318,427877,0.08339085374986203,155525,18,127,145,0.07274527634572343,318,9566,155,7830,5389,127,22785,1736,0.12277887456783187,232041,76516,
9566,0.07274527634572343,5389,7830,1736,22785,119320,232041,427877,0.12277887456783187,155525,119320,0.08339085374986203,76516,145,18,155,318,427877,0.08339085374986203,155525,18,127,145,0.07274527634572343,318,9566,155,7830,5389,127,22785,1736,0.12277887456783187,232041,76516,
9566,0.07274527634572343,5389,7830,1736,22785,119320,232041,427877,0.12277887456783187,155525,119320,0.08339085374986203,76516,145,18,155,318,427877,0.08339085374986203,155525,18,127,145,0.07274527634572343,318,9566,155,7830,5389,127,22785,1736,0.12277887456783187,232041,76516,
9566,0.07274527634572343,5389,7830,1736,22785,119320,232041,427877,0.12277887456783187,155525,119320,0.08339085374986203,76516,145,18,155,318,427877,0.08339085374986203,155525,18,127,145,0.07274527634572343,318,9566,155,7830,5389,127,22785,1736,0.12277887456783187,232041,76516,
9566,0.07274527634572343,5389,7830,1736,22785,119320,232041,427877,0.12277887456783187,155525,119320,0.08339085374986203,76516,145,18,155,318,427877,0.08339085374986203,155525,18,127,145,0.07274527634572343,318,9566,155,7830,5389,127,22785,1736,0.12277887456783187,232041,76516,
9566,0.07274527634572343,5389,7830,1736,22785,119320,232041,427877,0.12277887456783187,155525,119320,0.08339085374986203,76516,145,18,155,318,427877,0.08339085374986203,155525,18,127,145,0.07274527634572343,318,9566,155,7830,5389,127,22785,1736,0.12277887456783187,232041,76516,
9566,0.15789997727992644,5389,7830,1736,22785,119320,232041,427877,0.12277887456783187,155525,119320,0.08339085374986203,76516,270,1346,69,1685,427877,0.08339085374986203,155525,1346,-1076,270,0.15789997727992644,1685,9566,69,7830,5389,-1076,22785,1736,0.12277887456783187,232041,76516,
9566,0.31776075325561004,5389,7830,1736,22785,119320,232041,427877,0.12277887456783187,155525,119320,0.08339085374986203,76516,505,31,2,538,427877,0.08339085374986203,155525,31,474,505,0.31776075325561004,538,9566,2,7830,5389,474,22785,1736,0.12277887456783187,232041,76516,
9566,0.14325299085151302,5389,7830,1736,22785,119320,232041,427877,0.12277887456783187,155525,119320,0.08339085374986203,76516,217,2,1,220,427877,0.08339085374986203,155525,2,215,217,0.14325299085151302,220,9566,1,7830,5389,215,22785,1736,0.12277887456783187,232041,76516,
9566,0.15370180947471243,5389,7830,1736,22785,119320,232041,427877,0.12277887456783187,155525,119320,0.08339085374986203,76516,1961,978,1493,4432,427877,0.08339085374986203,155525,978,983,1961,0.15370180947471243,4432,9566,1493,7830,5389,983,22785,1736,0.12277887456783187,232041,76516,
9566,0.10209845837351393,5389,7830,1736,22785,119320,232041,427877,0.12277887456783187,155525,119320,0.08339085374986203,76516,447,883,63,1393,427877,0.08339085374986203,155525,883,-436,447,0.10209845837351393,1393,9566,63,7830,5389,-436,22785,1736,0.12277887456783187,232041,76516,
9566,0.143870035448162,5389,7830,1736,22785,119320,232041,427877,0.12277887456783187,155525,119320,0.08339085374986203,76516,195,112,631,938,427877,0.08339085374986203,155525,112,83,195,0.143870035448162,938,9566,631,7830,5389,83,22785,1736,0.12277887456783187,232041,76516,
9566,0.143870035448162,5389,7830,1736,22785,119320,232041,427877,0.12277887456783187,155525,119320,0.08339085374986203,76516,195,112,631,938,427877,0.08339085374986203,155525,112,83,195,0.143870035448162,938,9566,631,7830,5389,83,22785,1736,0.12277887456783187,232041,76516,
9566,0.07999577979665852,5389,7830,1736,22785,119320,232041,427877,0.12277887456783187,155525,119320,0.08339085374986203,76516,139,89,21,249,427877,0.08339085374986203,155525,89,50,139,0.07999577979665852,249,9566,21,7830,5389,50,22785,1736,0.12277887456783187,232041,76516,
9566,0.07999577979665852,5389,7830,1736,22785,119320,232041,427877,0.12277887456783187,155525,119320,0.08339085374986203,76516,139,89,21,249,427877,0.08339085374986203,155525,89,50,139,0.07999577979665852,249,9566,21,7830,5389,50,22785,1736,0.12277887456783187,232041,76516,
9566,0.07999577979665852,5389,7830,1736,22785,119320,232041,427877,0.12277887456783187,155525,119320,0.08339085374986203,76516,139,89,21,249,427877,0.08339085374986203,155525,89,50,139,0.07999577979665852,249,9566,21,7830,5389,50,22785,1736,0.12277887456783187,232041,76516,
9566,0.2353480112176225,5389,7830,1736,22785,119320,232041,427877,0.12277887456783187,155525,119320,0.08339085374986203,76516,836,553,0,1389,427877,0.08339085374986203,155525,553,283,836,0.2353480112176225,1389,9566,0,7830,5389,283,22785,1736,0.12277887456783187,232041,76516,
9566,0.2087741911540875,5389,7830,1736,22785,119320,232041,427877,0.12277887456783187,155525,119320,0.08339085374986203,76516,56,23,10,89,427877,0.08339085374986203,155525,23,33,56,0.2087741911540875,89,9566,10,7830,5389,33,22785,1736,0.12277887456783187,232041,76516,
9566,0.11678645305291975,5389,7830,1736,22785,119320,232041,427877,0.12277887456783187,155525,119320,0.08339085374986203,76516,414,222,613,1249,427877,0.08339085374986203,155525,222,192,414,0.11678645305291975,1249,9566,613,7830,5389,192,22785,1736,0.12277887456783187,232041,76516,
9566,0.11678645305291975,5389,7830,1736,22785,119320,232041,427877,0.12277887456783187,155525,119320,0.08339085374986203,76516,414,222,613,1249,427877,0.08339085374986203,155525,222,192,414,0.11678645305291975,1249,9566,613,7830,5389,192,22785,1736,0.12277887456783187,232041,76516,
513,0.05867161520197102,533,159,354,1205,119320,232041,427877,0.061065085430158,155525,119320,0.08339085374986203,76516,100,11,3,114,427877,0.08339085374986203,155525,11,89,100,0.05867161520197102,114,513,3,159,533,89,1205,354,0.061065085430158,232041,76516,
513,0.1531670400265064,533,159,354,1205,119320,232041,427877,0.061065085430158,155525,119320,0.08339085374986203,76516,118,46,7,171,427877,0.08339085374986203,155525,46,72,118,0.1531670400265064,171,513,7,159,533,72,1205,354,0.061065085430158,232041,76516,
513,0.051280154822975994,533,159,354,1205,119320,232041,427877,0.061065085430158,155525,119320,0.08339085374986203,76516,7,12,118,137,427877,0.08339085374986203,155525,12,-5,7,0.051280154822975994,137,513,118,159,533,-5,1205,354,0.061065085430158,232041,76516,
513,0.051280154822975994,533,159,354,1205,119320,232041,427877,0.061065085430158,155525,119320,0.08339085374986203,76516,7,12,118,137,427877,0.08339085374986203,155525,12,-5,7,0.051280154822975994,137,513,118,159,533,-5,1205,354,0.061065085430158,232041,76516,
513,0.051280154822975994,533,159,354,1205,119320,232041,427877,0.061065085430158,155525,119320,0.08339085374986203,76516,7,12,118,137,427877,0.08339085374986203,155525,12,-5,7,0.051280154822975994,137,513,118,159,533,-5,1205,354,0.061065085430158,232041,76516,
513,0.10110395744974583,533,159,354,1205,119320,232041,427877,0.061065085430158,155525,119320,0.08339085374986203,76516,0,21,133,154,427877,0.08339085374986203,155525,21,-21,0,0.10110395744974583,154,513,133,159,533,-21,1205,354,0.061065085430158,232041,76516,
513,0.10110395744974583,533,159,354,1205,119320,232041,427877,0.061065085430158,155525,119320,0.08339085374986203,76516,0,21,133,154,427877,0.08339085374986203,155525,21,-21,0,0.10110395744974583,154,513,133,159,533,-21,1205,354,0.061065085430158,232041,76516,
922,0.1271468859341752,557,586,336,2065,119320,232041,427877,0.09380931208270384,155525,119320,0.08339085374986203,76516,103,35,7,145,427877,0.08339085374986203,155525,35,68,103,0.1271468859341752,145,922,7,586,557,68,2065,336,0.09380931208270384,232041,76516,
922,0.11861607491246674,557,586,336,2065,119320,232041,427877,0.09380931208270384,155525,119320,0.08339085374986203,76516,29,28,4,61,427877,0.08339085374986203,155525,28,1,29,0.11861607491246674,61,922,4,586,557,1,2065,336,0.09380931208270384,232041,76516,
922,0.14512939295893879,557,586,336,2065,119320,232041,427877,0.09380931208270384,155525,119320,0.08339085374986203,76516,50,40,20,110,427877,0.08339085374986203,155525,40,10,50,0.14512939295893879,110,922,20,586,557,10,2065,336,0.09380931208270384,232041,76516,
922,0.14512939295893879,557,586,336,2065,119320,232041,427877,0.09380931208270384,155525,119320,0.08339085374986203,76516,50,40,20,110,427877,0.08339085374986203,155525,40,10,50,0.14512939295893879,110,922,20,586,557,10,2065,336,0.09380931208270384,232041,76516,
548,0.0787022553400529,33,58,490,639,119320,232041,427877,0.09850386390528837,155525,119320,0.08339085374986203,76516,3,6,19,28,427877,0.08339085374986203,155525,6,-3,3,0.0787022553400529,28,548,19,58,33,-3,639,490,0.09850386390528837,232041,76516,
548,0.1577512605959856,33,58,490,639,119320,232041,427877,0.09850386390528837,155525,119320,0.08339085374986203,76516,519,43,4,566,427877,0.08339085374986203,155525,43,476,519,0.1577512605959856,566,548,4,58,33,476,639,490,0.09850386390528837,232041,76516,
491,0.10879571548979317,324,41,450,856,119320,232041,427877,0.0682205863255224,155525,119320,0.08339085374986203,76516,288,8,29,325,427877,0.08339085374986203,155525,8,280,288,0.10879571548979317,325,491,29,41,324,280,856,450,0.0682205863255224,232041,76516,
491,0.10879571548979317,324,41,450,856,119320,232041,427877,0.0682205863255224,155525,119320,0.08339085374986203,76516,288,8,29,325,427877,0.08339085374986203,155525,8,280,288,0.10879571548979317,325,491,29,41,324,280,856,450,0.0682205863255224,232041,76516,
491,0.10879571548979317,324,41,450,856,119320,232041,427877,0.0682205863255224,155525,119320,0.08339085374986203,76516,288,8,29,325,427877,0.08339085374986203,155525,8,280,288,0.10879571548979317,325,491,29,41,324,280,856,450,0.0682205863255224,232041,76516,
491,0.046577793165655516,324,41,450,856,119320,232041,427877,0.0682205863255224,155525,119320,0.08339085374986203,76516,17,3,64,84,427877,0.08339085374986203,155525,3,14,17,0.046577793165655516,84,491,64,41,324,14,856,450,0.0682205863255224,232041,76516,
491,0.04685450005155301,324,41,450,856,119320,232041,427877,0.0682205863255224,155525,119320,0.08339085374986203,76516,14,5,229,248,427877,0.08339085374986203,155525,5,9,14,0.04685450005155301,248,491,229,41,324,9,856,450,0.0682205863255224,232041,76516,
491,0.04685450005155301,324,41,450,856,119320,232041,427877,0.0682205863255224,155525,119320,0.08339085374986203,76516,14,5,229,248,427877,0.08339085374986203,155525,5,9,14,0.04685450005155301,248,491,229,41,324,9,856,450,0.0682205863255224,232041,76516,
957,0.1677307776655395,586,169,788,1712,119320,232041,427877,0.08137106429352743,155525,119320,0.08339085374986203,76516,71,28,313,412,427877,0.08339085374986203,155525,28,43,71,0.1677307776655395,412,957,313,169,586,43,1712,788,0.08137106429352743,232041,76516,
957,0.1677307776655395,586,169,788,1712,119320,232041,427877,0.08137106429352743,155525,119320,0.08339085374986203,76516,71,28,313,412,427877,0.08339085374986203,155525,28,43,71,0.1677307776655395,412,957,313,169,586,43,1712,788,0.08137106429352743,232041,76516,
957,0.1677307776655395,586,169,788,1712,119320,232041,427877,0.08137106429352743,155525,119320,0.08339085374986203,76516,71,28,313,412,427877,0.08339085374986203,155525,28,43,71,0.1677307776655395,412,957,313,169,586,43,1712,788,0.08137106429352743,232041,76516,
957,0.1677307776655395,586,169,788,1712,119320,232041,427877,0.08137106429352743,155525,119320,0.08339085374986203,76516,71,28,313,412,427877,0.08339085374986203,155525,28,43,71,0.1677307776655395,412,957,313,169,586,43,1712,788,0.08137106429352743,232041,76516,
957,0.1677307776655395,586,169,788,1712,119320,232041,427877,0.08137106429352743,155525,119320,0.08339085374986203,76516,71,28,313,412,427877,0.08339085374986203,155525,28,43,71,0.1677307776655395,412,957,313,169,586,43,1712,788,0.08137106429352743,232041,76516,
957,0.1677307776655395,586,169,788,1712,119320,232041,427877,0.08137106429352743,155525,119320,0.08339085374986203,76516,71,28,313,412,427877,0.08339085374986203,155525,28,43,71,0.1677307776655395,412,957,313,169,586,43,1712,788,0.08137106429352743,232041,76516,
957,0.1677307776655395,586,169,788,1712,119320,232041,427877,0.08137106429352743,155525,119320,0.08339085374986203,76516,71,28,313,412,427877,0.08339085374986203,155525,28,43,71,0.1677307776655395,412,957,313,169,586,43,1712,788,0.08137106429352743,232041,76516,
957,0.1677307776655395,586,169,788,1712,119320,232041,427877,0.08137106429352743,155525,119320,0.08339085374986203,76516,71,28,313,412,427877,0.08339085374986203,155525,28,43,71,0.1677307776655395,412,957,313,169,586,43,1712,788,0.08137106429352743,232041,76516,
957,0.22333732301004466,586,169,788,1712,119320,232041,427877,0.08137106429352743,155525,119320,0.08339085374986203,76516,570,85,14,669,427877,0.08339085374986203,155525,85,485,570,0.22333732301004466,669,957,14,169,586,485,1712,788,0.08137106429352743,232041,76516,
957,0.22333732301004466,586,169,788,1712,119320,232041,427877,0.08137106429352743,155525,119320,0.08339085374986203,76516,570,85,14,669,427877,0.08339085374986203,155525,85,485,570,0.22333732301004466,669,957,14,169,586,485,1712,788,0.08137106429352743,232041,76516,
957,0.22333732301004466,586,169,788,1712,119320,232041,427877,0.08137106429352743,155525,119320,0.08339085374986203,76516,570,85,14,669,427877,0.08339085374986203,155525,85,485,570,0.22333732301004466,669,957,14,169,586,485,1712,788,0.08137106429352743,232041,76516,
957,0.22333732301004466,586,169,788,1712,119320,232041,427877,0.08137106429352743,155525,119320,0.08339085374986203,76516,570,85,14,669,427877,0.08339085374986203,155525,85,485,570,0.22333732301004466,669,957,14,169,586,485,1712,788,0.08137106429352743,232041,76516,
957,0.09193966857915846,586,169,788,1712,119320,232041,427877,0.08137106429352743,155525,119320,0.08339085374986203,76516,177,10,26,213,427877,0.08339085374986203,155525,10,167,177,0.09193966857915846,213,957,26,169,586,167,1712,788,0.08137106429352743,232041,76516,
5811,0.013336034281723242,3371,1873,3938,11055,119320,232041,427877,0.08060332079691698,155525,119320,0.08339085374986203,76516,17,3,25,45,427877,0.08339085374986203,155525,3,14,17,0.013336034281723242,45,5811,25,1873,3371,14,11055,3938,0.08060332079691698,232041,76516,
5811,0.18983580635599318,3371,1873,3938,11055,119320,232041,427877,0.08060332079691698,155525,119320,0.08339085374986203,76516,63,20,84,167,427877,0.08339085374986203,155525,20,43,63,0.18983580635599318,167,5811,84,1873,3371,43,11055,3938,0.08060332079691698,232041,76516,
5811,0.009959394491819233,3371,1873,3938,11055,119320,232041,427877,0.08060332079691698,155525,119320,0.08339085374986203,76516,17,3,25,45,427877,0.08339085374986203,155525,3,14,17,0.009959394491819233,45,5811,25,1873,3371,14,11055,3938,0.08060332079691698,232041,76516,
5811,0.018071999522691347,3371,1873,3938,11055,119320,232041,427877,0.08060332079691698,155525,119320,0.08339085374986203,76516,59,11,0,70,427877,0.08339085374986203,155525,11,48,59,0.018071999522691347,70,5811,0,1873,3371,48,11055,3938,0.08060332079691698,232041,76516,
5811,0.018071999522691347,3371,1873,3938,11055,119320,232041,427877,0.08060332079691698,155525,119320,0.08339085374986203,76516,59,11,0,70,427877,0.08339085374986203,155525,11,48,59,0.018071999522691347,70,5811,0,1873,3371,48,11055,3938,0.08060332079691698,232041,76516,
5811,0.16360525380124524,3371,1873,3938,11055,119320,232041,427877,0.08060332079691698,155525,119320,0.08339085374986203,76516,274,90,24,388,427877,0.08339085374986203,155525,90,184,274,0.16360525380124524,388,5811,24,1873,3371,184,11055,3938,0.08060332079691698,232041,76516,
5811,0.16360525380124524,3371,1873,3938,11055,119320,232041,427877,0.08060332079691698,155525,119320,0.08339085374986203,76516,274,90,24,388,427877,0.08339085374986203,155525,90,184,274,0.16360525380124524,388,5811,24,1873,3371,184,11055,3938,0.08060332079691698,232041,76516,
5811,0.27382900007713235,3371,1873,3938,11055,119320,232041,427877,0.08060332079691698,155525,119320,0.08339085374986203,76516,2319,784,897,4000,427877,0.08339085374986203,155525,784,1535,2319,0.27382900007713235,4000,5811,897,1873,3371,1535,11055,3938,0.08060332079691698,232041,76516,
5811,0.27382900007713235,3371,1873,3938,11055,119320,232041,427877,0.08060332079691698,155525,119320,0.08339085374986203,76516,2319,784,897,4000,427877,0.08339085374986203,155525,784,1535,2319,0.27382900007713235,4000,5811,897,1873,3371,1535,11055,3938,0.08060332079691698,232041,76516,
5811,0.27382900007713235,3371,1873,3938,11055,119320,232041,427877,0.08060332079691698,155525,119320,0.08339085374986203,76516,2319,784,897,4000,427877,0.08339085374986203,155525,784,1535,2319,0.27382900007713235,4000,5811,897,1873,3371,1535,11055,3938,0.08060332079691698,232041,76516,
5811,0.27382900007713235,3371,1873,3938,11055,119320,232041,427877,0.08060332079691698,155525,119320,0.08339085374986203,76516,2319,784,897,4000,427877,0.08339085374986203,155525,784,1535,2319,0.27382900007713235,4000,5811,897,1873,3371,1535,11055,3938,0.08060332079691698,232041,76516,
5811,0.27382900007713235,3371,1873,3938,11055,119320,232041,427877,0.08060332079691698,155525,119320,0.08339085374986203,76516,2319,784,897,4000,427877,0.08339085374986203,155525,784,1535,2319,0.27382900007713235,4000,5811,897,1873,3371,1535,11055,3938,0.08060332079691698,232041,76516,
5811,0.27382900007713235,3371,1873,3938,11055,119320,232041,427877,0.08060332079691698,155525,119320,0.08339085374986203,76516,2319,784,897,4000,427877,0.08339085374986203,155525,784,1535,2319,0.27382900007713235,4000,5811,897,1873,3371,1535,11055,3938,0.08060332079691698,232041,76516,
5811,0.27382900007713235,3371,1873,3938,11055,119320,232041,427877,0.08060332079691698,155525,119320,0.08339085374986203,76516,2319,784,897,4000,427877,0.08339085374986203,155525,784,1535,2319,0.27382900007713235,4000,5811,897,1873,3371,1535,11055,3938,0.08060332079691698,232041,76516,
5811,0.27382900007713235,3371,1873,3938,11055,119320,232041,427877,0.08060332079691698,155525,119320,0.08339085374986203,76516,2319,784,897,4000,427877,0.08339085374986203,155525,784,1535,2319,0.27382900007713235,4000,5811,897,1873,3371,1535,11055,3938,0.08060332079691698,232041,76516,
5811,0.27382900007713235,3371,1873,3938,11055,119320,232041,427877,0.08060332079691698,155525,119320,0.08339085374986203,76516,2319,784,897,4000,427877,0.08339085374986203,155525,784,1535,2319,0.27382900007713235,4000,5811,897,1873,3371,1535,11055,3938,0.08060332079691698,232041,76516,
5811,0.27382900007713235,3371,1873,3938,11055,119320,232041,427877,0.08060332079691698,155525,119320,0.08339085374986203,76516,2319,784,897,4000,427877,0.08339085374986203,155525,784,1535,2319,0.27382900007713235,4000,5811,897,1873,3371,1535,11055,3938,0.08060332079691698,232041,76516,
5811,0.27382900007713235,3371,1873,3938,11055,119320,232041,427877,0.08060332079691698,155525,119320,0.08339085374986203,76516,2319,784,897,4000,427877,0.08339085374986203,155525,784,1535,2319,0.27382900007713235,4000,5811,897,1873,3371,1535,11055,3938,0.08060332079691698,232041,76516,
5811,0.27382900007713235,3371,1873,3938,11055,119320,232041,427877,0.08060332079691698,155525,119320,0.08339085374986203,76516,2319,784,897,4000,427877,0.08339085374986203,155525,784,1535,2319,0.27382900007713235,4000,5811,897,1873,3371,1535,11055,3938,0.08060332079691698,232041,76516,
5811,0.27382900007713235,3371,1873,3938,11055,119320,232041,427877,0.08060332079691698,155525,119320,0.08339085374986203,76516,2319,784,897,4000,427877,0.08339085374986203,155525,784,1535,2319,0.27382900007713235,4000,5811,897,1873,3371,1535,11055,3938,0.08060332079691698,232041,76516,
5811,0.27382900007713235,3371,1873,3938,11055,119320,232041,427877,0.08060332079691698,155525,119320,0.08339085374986203,76516,2319,784,897,4000,427877,0.08339085374986203,155525,784,1535,2319,0.27382900007713235,4000,5811,897,1873,3371,1535,11055,3938,0.08060332079691698,232041,76516,
5811,0.27382900007713235,3371,1873,3938,11055,119320,232041,427877,0.08060332079691698,155525,119320,0.08339085374986203,76516,2319,784,897,4000,427877,0.08339085374986203,155525,784,1535,2319,0.27382900007713235,4000,5811,897,1873,3371,1535,11055,3938,0.08060332079691698,232041,76516,
5811,0.27382900007713235,3371,1873,3938,11055,119320,232041,427877,0.08060332079691698,155525,119320,0.08339085374986203,76516,2319,784,897,4000,427877,0.08339085374986203,155525,784,1535,2319,0.27382900007713235,4000,5811,897,1873,3371,1535,11055,3938,0.08060332079691698,232041,76516,
5811,0.27382900007713235,3371,1873,3938,11055,119320,232041,427877,0.08060332079691698,155525,119320,0.08339085374986203,76516,2319,784,897,4000,427877,0.08339085374986203,155525,784,1535,2319,0.27382900007713235,4000,5811,897,1873,3371,1535,11055,3938,0.08060332079691698,232041,76516,
5811,0.27382900007713235,3371,1873,3938,11055,119320,232041,427877,0.08060332079691698,155525,119320,0.08339085374986203,76516,2319,784,897,4000,427877,0.08339085374986203,155525,784,1535,2319,0.27382900007713235,4000,5811,897,1873,3371,1535,11055,3938,0.08060332079691698,232041,76516,
5811,0.27382900007713235,3371,1873,3938,11055,119320,232041,427877,0.08060332079691698,155525,119320,0.08339085374986203,76516,2319,784,897,4000,427877,0.08339085374986203,155525,784,1535,2319,0.27382900007713235,4000,5811,897,1873,3371,1535,11055,3938,0.08060332079691698,232041,76516,
5811,0.27382900007713235,3371,1873,3938,11055,119320,232041,427877,0.08060332079691698,155525,119320,0.08339085374986203,76516,2319,784,897,4000,427877,0.08339085374986203,155525,784,1535,2319,0.27382900007713235,4000,5811,897,1873,3371,1535,11055,3938,0.08060332079691698,232041,76516,
5811,0.27382900007713235,3371,1873,3938,11055,119320,232041,427877,0.08060332079691698,155525,119320,0.08339085374986203,76516,2319,784,897,4000,427877,0.08339085374986203,155525,784,1535,2319,0.27382900007713235,4000,5811,897,1873,3371,1535,11055,3938,0.08060332079691698,232041,76516,
5811,0.27382900007713235,3371,1873,3938,11055,119320,232041,427877,0.08060332079691698,155525,119320,0.08339085374986203,76516,2319,784,897,4000,427877,0.08339085374986203,155525,784,1535,2319,0.27382900007713235,4000,5811,897,1873,3371,1535,11055,3938,0.08060332079691698,232041,76516,
5811,0.27382900007713235,3371,1873,3938,11055,119320,232041,427877,0.08060332079691698,155525,119320,0.08339085374986203,76516,2319,784,897,4000,427877,0.08339085374986203,155525,784,1535,2319,0.27382900007713235,4000,5811,897,1873,3371,1535,11055,3938,0.08060332079691698,232041,76516,
5811,0.27382900007713235,3371,1873,3938,11055,119320,232041,427877,0.08060332079691698,155525,119320,0.08339085374986203,76516,2319,784,897,4000,427877,0.08339085374986203,155525,784,1535,2319,0.27382900007713235,4000,5811,897,1873,3371,1535,11055,3938,0.08060332079691698,232041,76516,
5811,0.27382900007713235,3371,1873,3938,11055,119320,232041,427877,0.08060332079691698,155525,119320,0.08339085374986203,76516,2319,784,897,4000,427877,0.08339085374986203,155525,784,1535,2319,0.27382900007713235,4000,5811,897,1873,3371,1535,11055,3938,0.08060332079691698,232041,76516,
5811,0.27382900007713235,3371,1873,3938,11055,119320,232041,427877,0.08060332079691698,155525,119320,0.08339085374986203,76516,2319,784,897,4000,427877,0.08339085374986203,155525,784,1535,2319,0.27382900007713235,4000,5811,897,1873,3371,1535,11055,3938,0.08060332079691698,232041,76516,
5811,0.27382900007713235,3371,1873,3938,11055,119320,232041,427877,0.08060332079691698,155525,119320,0.08339085374986203,76516,2319,784,897,4000,427877,0.08339085374986203,155525,784,1535,2319,0.27382900007713235,4000,5811,897,1873,3371,1535,11055,3938,0.08060332079691698,232041,76516,
5811,0.27382900007713235,3371,1873,3938,11055,119320,232041,427877,0.08060332079691698,155525,119320,0.08339085374986203,76516,2319,784,897,4000,427877,0.08339085374986203,155525,784,1535,2319,0.27382900007713235,4000,5811,897,1873,3371,1535,11055,3938,0.08060332079691698,232041,76516,
5811,0.27382900007713235,3371,1873,3938,11055,119320,232041,427877,0.08060332079691698,155525,119320,0.08339085374986203,76516,2319,784,897,4000,427877,0.08339085374986203,155525,784,1535,2319,0.27382900007713235,4000,5811,897,1873,3371,1535,11055,3938,0.08060332079691698,232041,76516,
5811,0.27382900007713235,3371,1873,3938,11055,119320,232041,427877,0.08060332079691698,155525,119320,0.08339085374986203,76516,2319,784,897,4000,427877,0.08339085374986203,155525,784,1535,2319,0.27382900007713235,4000,5811,897,1873,3371,1535,11055,3938,0.08060332079691698,232041,76516,
5811,0.27382900007713235,3371,1873,3938,11055,119320,232041,427877,0.08060332079691698,155525,119320,0.08339085374986203,76516,2319,784,897,4000,427877,0.08339085374986203,155525,784,1535,2319,0.27382900007713235,4000,5811,897,1873,3371,1535,11055,3938,0.08060332079691698,232041,76516,
5811,0.27382900007713235,3371,1873,3938,11055,119320,232041,427877,0.08060332079691698,155525,119320,0.08339085374986203,76516,2319,784,897,4000,427877,0.08339085374986203,155525,784,1535,2319,0.27382900007713235,4000,5811,897,1873,3371,1535,11055,3938,0.08060332079691698,232041,76516,
5811,0.27382900007713235,3371,1873,3938,11055,119320,232041,427877,0.08060332079691698,155525,119320,0.08339085374986203,76516,2319,784,897,4000,427877,0.08339085374986203,155525,784,1535,2319,0.27382900007713235,4000,5811,897,1873,3371,1535,11055,3938,0.08060332079691698,232041,76516,
5811,0.27382900007713235,3371,1873,3938,11055,119320,232041,427877,0.08060332079691698,155525,119320,0.08339085374986203,76516,2319,784,897,4000,427877,0.08339085374986203,155525,784,1535,2319,0.27382900007713235,4000,5811,897,1873,3371,1535,11055,3938,0.08060332079691698,232041,76516,
5811,0.27382900007713235,3371,1873,3938,11055,119320,232041,427877,0.08060332079691698,155525,119320,0.08339085374986203,76516,2319,784,897,4000,427877,0.08339085374986203,155525,784,1535,2319,0.27382900007713235,4000,5811,897,1873,3371,1535,11055,3938,0.08060332079691698,232041,76516,
5811,0.27382900007713235,3371,1873,3938,11055,119320,232041,427877,0.08060332079691698,155525,119320,0.08339085374986203,76516,2319,784,897,4000,427877,0.08339085374986203,155525,784,1535,2319,0.27382900007713235,4000,5811,897,1873,3371,1535,11055,3938,0.08060332079691698,232041,76516,
5811,0.27382900007713235,3371,1873,3938,11055,119320,232041,427877,0.08060332079691698,155525,119320,0.08339085374986203,76516,2319,784,897,4000,427877,0.08339085374986203,155525,784,1535,2319,0.27382900007713235,4000,5811,897,1873,3371,1535,11055,3938,0.08060332079691698,232041,76516,
5811,0.27382900007713235,3371,1873,3938,11055,119320,232041,427877,0.08060332079691698,155525,119320,0.08339085374986203,76516,2319,784,897,4000,427877,0.08339085374986203,155525,784,1535,2319,0.27382900007713235,4000,5811,897,1873,3371,1535,11055,3938,0.08060332079691698,232041,76516,
5811,0.27382900007713235,3371,1873,3938,11055,119320,232041,427877,0.08060332079691698,155525,119320,0.08339085374986203,76516,2319,784,897,4000,427877,0.08339085374986203,155525,784,1535,2319,0.27382900007713235,4000,5811,897,1873,3371,1535,11055,3938,0.08060332079691698,232041,76516,
5811,0.27382900007713235,3371,1873,3938,11055,119320,232041,427877,0.08060332079691698,155525,119320,0.08339085374986203,76516,2319,784,897,4000,427877,0.08339085374986203,155525,784,1535,2319,0.27382900007713235,4000,5811,897,1873,3371,1535,11055,3938,0.08060332079691698,232041,76516,
5811,0.27382900007713235,3371,1873,3938,11055,119320,232041,427877,0.08060332079691698,155525,119320,0.08339085374986203,76516,2319,784,897,4000,427877,0.08339085374986203,155525,784,1535,2319,0.27382900007713235,4000,5811,897,1873,3371,1535,11055,3938,0.08060332079691698,232041,76516,
5811,0.27382900007713235,3371,1873,3938,11055,119320,232041,427877,0.08060332079691698,155525,119320,0.08339085374986203,76516,2319,784,897,4000,427877,0.08339085374986203,155525,784,1535,2319,0.27382900007713235,4000,5811,897,1873,3371,1535,11055,3938,0.08060332079691698,232041,76516,
5811,0.27382900007713235,3371,1873,3938,11055,119320,232041,427877,0.08060332079691698,155525,119320,0.08339085374986203,76516,2319,784,897,4000,427877,0.08339085374986203,155525,784,1535,2319,0.27382900007713235,4000,5811,897,1873,3371,1535,11055,3938,0.08060332079691698,232041,76516,
5811,0.057747158159283184,3371,1873,3938,11055,119320,232041,427877,0.08060332079691698,155525,119320,0.08339085374986203,76516,180,110,118,408,427877,0.08339085374986203,155525,110,70,180,0.057747158159283184,408,5811,118,1873,3371,70,11055,3938,0.08060332079691698,232041,76516,
5811,0.0852574094701376,3371,1873,3938,11055,119320,232041,427877,0.08060332079691698,155525,119320,0.08339085374986203,76516,1117,382,1245,2744,427877,0.08339085374986203,155525,382,735,1117,0.0852574094701376,2744,5811,1245,1873,3371,735,11055,3938,0.08060332079691698,232041,76516,
5811,0.0852574094701376,3371,1873,3938,11055,119320,232041,427877,0.08060332079691698,155525,119320,0.08339085374986203,76516,1117,382,1245,2744,427877,0.08339085374986203,155525,382,735,1117,0.0852574094701376,2744,5811,1245,1873,3371,735,11055,3938,0.08060332079691698,232041,76516,
5811,0.0852574094701376,3371,1873,3938,11055,119320,232041,427877,0.08060332079691698,155525,119320,0.08339085374986203,76516,1117,382,1245,2744,427877,0.08339085374986203,155525,382,735,1117,0.0852574094701376,2744,5811,1245,1873,3371,735,11055,3938,0.08060332079691698,232041,76516,
5811,0.0852574094701376,3371,1873,3938,11055,119320,232041,427877,0.08060332079691698,155525,119320,0.08339085374986203,76516,1117,382,1245,2744,427877,0.08339085374986203,155525,382,735,1117,0.0852574094701376,2744,5811,1245,1873,3371,735,11055,3938,0.08060332079691698,232041,76516,
5811,0.0852574094701376,3371,1873,3938,11055,119320,232041,427877,0.08060332079691698,155525,119320,0.08339085374986203,76516,1117,382,1245,2744,427877,0.08339085374986203,155525,382,735,1117,0.0852574094701376,2744,5811,1245,1873,3371,735,11055,3938,0.08060332079691698,232041,76516,
5811,0.0852574094701376,3371,1873,3938,11055,119320,232041,427877,0.08060332079691698,155525,119320,0.08339085374986203,76516,1117,382,1245,2744,427877,0.08339085374986203,155525,382,735,1117,0.0852574094701376,2744,5811,1245,1873,3371,735,11055,3938,0.08060332079691698,232041,76516,
5811,0.0852574094701376,3371,1873,3938,11055,119320,232041,427877,0.08060332079691698,155525,119320,0.08339085374986203,76516,1117,382,1245,2744,427877,0.08339085374986203,155525,382,735,1117,0.0852574094701376,2744,5811,1245,1873,3371,735,11055,3938,0.08060332079691698,232041,76516,
5811,0.0852574094701376,3371,1873,3938,11055,119320,232041,427877,0.08060332079691698,155525,119320,0.08339085374986203,76516,1117,382,1245,2744,427877,0.08339085374986203,155525,382,735,1117,0.0852574094701376,2744,5811,1245,1873,3371,735,11055,3938,0.08060332079691698,232041,76516,
5811,0.0852574094701376,3371,1873,3938,11055,119320,232041,427877,0.08060332079691698,155525,119320,0.08339085374986203,76516,1117,382,1245,2744,427877,0.08339085374986203,155525,382,735,1117,0.0852574094701376,2744,5811,1245,1873,3371,735,11055,3938,0.08060332079691698,232041,76516,
5811,0.0852574094701376,3371,1873,3938,11055,119320,232041,427877,0.08060332079691698,155525,119320,0.08339085374986203,76516,1117,382,1245,2744,427877,0.08339085374986203,155525,382,735,1117,0.0852574094701376,2744,5811,1245,1873,3371,735,11055,3938,0.08060332079691698,232041,76516,
5811,0.0852574094701376,3371,1873,3938,11055,119320,232041,427877,0.08060332079691698,155525,119320,0.08339085374986203,76516,1117,382,1245,2744,427877,0.08339085374986203,155525,382,735,1117,0.0852574094701376,2744,5811,1245,1873,3371,735,11055,3938,0.08060332079691698,232041,76516,
5811,0.0852574094701376,3371,1873,3938,11055,119320,232041,427877,0.08060332079691698,155525,119320,0.08339085374986203,76516,1117,382,1245,2744,427877,0.08339085374986203,155525,382,735,1117,0.0852574094701376,2744,5811,1245,1873,3371,735,11055,3938,0.08060332079691698,232041,76516,
5811,0.029657870830895754,3371,1873,3938,11055,119320,232041,427877,0.08060332079691698,155525,119320,0.08339085374986203,76516,167,100,0,267,427877,0.08339085374986203,155525,100,67,167,0.029657870830895754,267,5811,0,1873,3371,67,11055,3938,0.08060332079691698,232041,76516,
5811,0.03179851869537657,3371,1873,3938,11055,119320,232041,427877,0.08060332079691698,155525,119320,0.08339085374986203,76516,209,43,3,255,427877,0.08339085374986203,155525,43,166,209,0.03179851869537657,255,5811,3,1873,3371,166,11055,3938,0.08060332079691698,232041,76516,
5811,0.03179851869537657,3371,1873,3938,11055,119320,232041,427877,0.08060332079691698,155525,119320,0.08339085374986203,76516,209,43,3,255,427877,0.08339085374986203,155525,43,166,209,0.03179851869537657,255,5811,3,1873,3371,166,11055,3938,0.08060332079691698,232041,76516,
5811,0.03179851869537657,3371,1873,3938,11055,119320,232041,427877,0.08060332079691698,155525,119320,0.08339085374986203,76516,209,43,3,255,427877,0.08339085374986203,155525,43,166,209,0.03179851869537657,255,5811,3,1873,3371,166,11055,3938,0.08060332079691698,232041,76516,
5811,0.004052630982822688,3371,1873,3938,11055,119320,232041,427877,0.08060332079691698,155525,119320,0.08339085374986203,76516,17,2,332,351,427877,0.08339085374986203,155525,2,15,17,0.004052630982822688,351,5811,332,1873,3371,15,11055,3938,0.08060332079691698,232041,76516,
5811,0.004052630982822688,3371,1873,3938,11055,119320,232041,427877,0.08060332079691698,155525,119320,0.08339085374986203,76516,17,2,332,351,427877,0.08339085374986203,155525,2,15,17,0.004052630982822688,351,5811,332,1873,3371,15,11055,3938,0.08060332079691698,232041,76516,
5811,0.004052630982822688,3371,1873,3938,11055,119320,232041,427877,0.08060332079691698,155525,119320,0.08339085374986203,76516,17,2,332,351,427877,0.08339085374986203,155525,2,15,17,0.004052630982822688,351,5811,332,1873,3371,15,11055,3938,0.08060332079691698,232041,76516,
5811,0.004052630982822688,3371,1873,3938,11055,119320,232041,427877,0.08060332079691698,155525,119320,0.08339085374986203,76516,17,2,332,351,427877,0.08339085374986203,155525,2,15,17,0.004052630982822688,351,5811,332,1873,3371,15,11055,3938,0.08060332079691698,232041,76516,
5811,0.004052630982822688,3371,1873,3938,11055,119320,232041,427877,0.08060332079691698,155525,119320,0.08339085374986203,76516,17,2,332,351,427877,0.08339085374986203,155525,2,15,17,0.004052630982822688,351,5811,332,1873,3371,15,11055,3938,0.08060332079691698,232041,76516,
5811,0.004052630982822688,3371,1873,3938,11055,119320,232041,427877,0.08060332079691698,155525,119320,0.08339085374986203,76516,17,2,332,351,427877,0.08339085374986203,155525,2,15,17,0.004052630982822688,351,5811,332,1873,3371,15,11055,3938,0.08060332079691698,232041,76516,
5811,0.004052630982822688,3371,1873,3938,11055,119320,232041,427877,0.08060332079691698,155525,119320,0.08339085374986203,76516,17,2,332,351,427877,0.08339085374986203,155525,2,15,17,0.004052630982822688,351,5811,332,1873,3371,15,11055,3938,0.08060332079691698,232041,76516,
5811,0.004052630982822688,3371,1873,3938,11055,119320,232041,427877,0.08060332079691698,155525,119320,0.08339085374986203,76516,17,2,332,351,427877,0.08339085374986203,155525,2,15,17,0.004052630982822688,351,5811,332,1873,3371,15,11055,3938,0.08060332079691698,232041,76516,
5811,0.004052630982822688,3371,1873,3938,11055,119320,232041,427877,0.08060332079691698,155525,119320,0.08339085374986203,76516,17,2,332,351,427877,0.08339085374986203,155525,2,15,17,0.004052630982822688,351,5811,332,1873,3371,15,11055,3938,0.08060332079691698,232041,76516,
5811,0.004052630982822688,3371,1873,3938,11055,119320,232041,427877,0.08060332079691698,155525,119320,0.08339085374986203,76516,17,2,332,351,427877,0.08339085374986203,155525,2,15,17,0.004052630982822688,351,5811,332,1873,3371,15,11055,3938,0.08060332079691698,232041,76516,
5811,0.004052630982822688,3371,1873,3938,11055,119320,232041,427877,0.08060332079691698,155525,119320,0.08339085374986203,76516,17,2,332,351,427877,0.08339085374986203,155525,2,15,17,0.004052630982822688,351,5811,332,1873,3371,15,11055,3938,0.08060332079691698,232041,76516,
5811,0.004052630982822688,3371,1873,3938,11055,119320,232041,427877,0.08060332079691698,155525,119320,0.08339085374986203,76516,17,2,332,351,427877,0.08339085374986203,155525,2,15,17,0.004052630982822688,351,5811,332,1873,3371,15,11055,3938,0.08060332079691698,232041,76516,
5811,0.004052630982822688,3371,1873,3938,11055,119320,232041,427877,0.08060332079691698,155525,119320,0.08339085374986203,76516,17,2,332,351,427877,0.08339085374986203,155525,2,15,17,0.004052630982822688,351,5811,332,1873,3371,15,11055,3938,0.08060332079691698,232041,76516,
5811,0.004052630982822688,3371,1873,3938,11055,119320,232041,427877,0.08060332079691698,155525,119320,0.08339085374986203,76516,17,2,332,351,427877,0.08339085374986203,155525,2,15,17,0.004052630982822688,351,5811,332,1873,3371,15,11055,3938,0.08060332079691698,232041,76516,
5811,0.004052630982822688,3371,1873,3938,11055,119320,232041,427877,0.08060332079691698,155525,119320,0.08339085374986203,76516,17,2,332,351,427877,0.08339085374986203,155525,2,15,17,0.004052630982822688,351,5811,332,1873,3371,15,11055,3938,0.08060332079691698,232041,76516,
5811,0.004052630982822688,3371,1873,3938,11055,119320,232041,427877,0.08060332079691698,155525,119320,0.08339085374986203,76516,17,2,332,351,427877,0.08339085374986203,155525,2,15,17,0.004052630982822688,351,5811,332,1873,3371,15,11055,3938,0.08060332079691698,232041,76516,
5811,0.004052630982822688,3371,1873,3938,11055,119320,232041,427877,0.08060332079691698,155525,119320,0.08339085374986203,76516,17,2,332,351,427877,0.08339085374986203,155525,2,15,17,0.004052630982822688,351,5811,332,1873,3371,15,11055,3938,0.08060332079691698,232041,76516,
5811,0.004052630982822688,3371,1873,3938,11055,119320,232041,427877,0.08060332079691698,155525,119320,0.08339085374986203,76516,17,2,332,351,427877,0.08339085374986203,155525,2,15,17,0.004052630982822688,351,5811,332,1873,3371,15,11055,3938,0.08060332079691698,232041,76516,
5811,0.004052630982822688,3371,1873,3938,11055,119320,232041,427877,0.08060332079691698,155525,119320,0.08339085374986203,76516,17,2,332,351,427877,0.08339085374986203,155525,2,15,17,0.004052630982822688,351,5811,332,1873,3371,15,11055,3938,0.08060332079691698,232041,76516,
5811,0.004052630982822688,3371,1873,3938,11055,119320,232041,427877,0.08060332079691698,155525,119320,0.08339085374986203,76516,17,2,332,351,427877,0.08339085374986203,155525,2,15,17,0.004052630982822688,351,5811,332,1873,3371,15,11055,3938,0.08060332079691698,232041,76516,
5811,0.004052630982822688,3371,1873,3938,11055,119320,232041,427877,0.08060332079691698,155525,119320,0.08339085374986203,76516,17,2,332,351,427877,0.08339085374986203,155525,2,15,17,0.004052630982822688,351,5811,332,1873,3371,15,11055,3938,0.08060332079691698,232041,76516,
5811,0.0025115168540033967,3371,1873,3938,11055,119320,232041,427877,0.08060332079691698,155525,119320,0.08339085374986203,76516,13,25,117,155,427877,0.08339085374986203,155525,25,-12,13,0.0025115168540033967,155,5811,117,1873,3371,-12,11055,3938,0.08060332079691698,232041,76516,
340,0.37552333280242545,0,11,329,351,119320,232041,427877,0.2969722069424308,155525,119320,0.08339085374986203,76516,241,8,0,249,427877,0.08339085374986203,155525,8,233,241,0.37552333280242545,249,340,0,11,0,233,351,329,0.2969722069424308,232041,76516,
340,0.37552333280242545,0,11,329,351,119320,232041,427877,0.2969722069424308,155525,119320,0.08339085374986203,76516,241,8,0,249,427877,0.08339085374986203,155525,8,233,241,0.37552333280242545,249,340,0,11,0,233,351,329,0.2969722069424308,232041,76516,
340,0.16346346346346347,0,11,329,351,119320,232041,427877,0.2969722069424308,155525,119320,0.08339085374986203,76516,58,1,0,59,427877,0.08339085374986203,155525,1,57,58,0.16346346346346347,59,340,0,11,0,57,351,329,0.2969722069424308,232041,76516,
569,0.09503751318768629,10,84,485,663,119320,232041,427877,0.1337572805269419,155525,119320,0.08339085374986203,76516,66,33,1,100,427877,0.08339085374986203,155525,33,33,66,0.09503751318768629,100,569,1,84,10,33,663,485,0.1337572805269419,232041,76516,
569,0.1501207188550831,10,84,485,663,119320,232041,427877,0.1337572805269419,155525,119320,0.08339085374986203,76516,405,49,9,463,427877,0.08339085374986203,155525,49,356,405,0.1501207188550831,463,569,9,84,10,356,663,485,0.1337572805269419,232041,76516,
569,0.1501207188550831,10,84,485,663,119320,232041,427877,0.1337572805269419,155525,119320,0.08339085374986203,76516,405,49,9,463,427877,0.08339085374986203,155525,49,356,405,0.1501207188550831,463,569,9,84,10,356,663,485,0.1337572805269419,232041,76516,
569,0.1501207188550831,10,84,485,663,119320,232041,427877,0.1337572805269419,155525,119320,0.08339085374986203,76516,405,49,9,463,427877,0.08339085374986203,155525,49,356,405,0.1501207188550831,463,569,9,84,10,356,663,485,0.1337572805269419,232041,76516,
569,0.1501207188550831,10,84,485,663,119320,232041,427877,0.1337572805269419,155525,119320,0.08339085374986203,76516,405,49,9,463,427877,0.08339085374986203,155525,49,356,405,0.1501207188550831,463,569,9,84,10,356,663,485,0.1337572805269419,232041,76516,
569,0.1501207188550831,10,84,485,663,119320,232041,427877,0.1337572805269419,155525,119320,0.08339085374986203,76516,405,49,9,463,427877,0.08339085374986203,155525,49,356,405,0.1501207188550831,463,569,9,84,10,356,663,485,0.1337572805269419,232041,76516,
569,0.1501207188550831,10,84,485,663,119320,232041,427877,0.1337572805269419,155525,119320,0.08339085374986203,76516,405,49,9,463,427877,0.08339085374986203,155525,49,356,405,0.1501207188550831,463,569,9,84,10,356,663,485,0.1337572805269419,232041,76516,
2692,0.15788483457810595,1579,569,2123,4840,119320,232041,427877,0.12157982301790744,155525,119320,0.08339085374986203,76516,1519,244,1231,2994,427877,0.08339085374986203,155525,244,1275,1519,0.15788483457810595,2994,2692,1231,569,1579,1275,4840,2123,0.12157982301790744,232041,76516,
2692,0.15788483457810595,1579,569,2123,4840,119320,232041,427877,0.12157982301790744,155525,119320,0.08339085374986203,76516,1519,244,1231,2994,427877,0.08339085374986203,155525,244,1275,1519,0.15788483457810595,2994,2692,1231,569,1579,1275,4840,2123,0.12157982301790744,232041,76516,
2692,0.15788483457810595,1579,569,2123,4840,119320,232041,427877,0.12157982301790744,155525,119320,0.08339085374986203,76516,1519,244,1231,2994,427877,0.08339085374986203,155525,244,1275,1519,0.15788483457810595,2994,2692,1231,569,1579,1275,4840,2123,0.12157982301790744,232041,76516,
2692,0.15788483457810595,1579,569,2123,4840,119320,232041,427877,0.12157982301790744,155525,119320,0.08339085374986203,76516,1519,244,1231,2994,427877,0.08339085374986203,155525,244,1275,1519,0.15788483457810595,2994,2692,1231,569,1579,1275,4840,2123,0.12157982301790744,232041,76516,
2692,0.15788483457810595,1579,569,2123,4840,119320,232041,427877,0.12157982301790744,155525,119320,0.08339085374986203,76516,1519,244,1231,2994,427877,0.08339085374986203,155525,244,1275,1519,0.15788483457810595,2994,2692,1231,569,1579,1275,4840,2123,0.12157982301790744,232041,76516,
2692,0.15788483457810595,1579,569,2123,4840,119320,232041,427877,0.12157982301790744,155525,119320,0.08339085374986203,76516,1519,244,1231,2994,427877,0.08339085374986203,155525,244,1275,1519,0.15788483457810595,2994,2692,1231,569,1579,1275,4840,2123,0.12157982301790744,232041,76516,
2692,0.15788483457810595,1579,569,2123,4840,119320,232041,427877,0.12157982301790744,155525,119320,0.08339085374986203,76516,1519,244,1231,2994,427877,0.08339085374986203,155525,244,1275,1519,0.15788483457810595,2994,2692,1231,569,1579,1275,4840,2123,0.12157982301790744,232041,76516,
2692,0.15788483457810595,1579,569,2123,4840,119320,232041,427877,0.12157982301790744,155525,119320,0.08339085374986203,76516,1519,244,1231,2994,427877,0.08339085374986203,155525,244,1275,1519,0.15788483457810595,2994,2692,1231,569,1579,1275,4840,2123,0.12157982301790744,232041,76516,
2692,0.15788483457810595,1579,569,2123,4840,119320,232041,427877,0.12157982301790744,155525,119320,0.08339085374986203,76516,1519,244,1231,2994,427877,0.08339085374986203,155525,244,1275,1519,0.15788483457810595,2994,2692,1231,569,1579,1275,4840,2123,0.12157982301790744,232041,76516,
2692,0.15788483457810595,1579,569,2123,4840,119320,232041,427877,0.12157982301790744,155525,119320,0.08339085374986203,76516,1519,244,1231,2994,427877,0.08339085374986203,155525,244,1275,1519,0.15788483457810595,2994,2692,1231,569,1579,1275,4840,2123,0.12157982301790744,232041,76516,
2692,0.15788483457810595,1579,569,2123,4840,119320,232041,427877,0.12157982301790744,155525,119320,0.08339085374986203,76516,1519,244,1231,2994,427877,0.08339085374986203,155525,244,1275,1519,0.15788483457810595,2994,2692,1231,569,1579,1275,4840,2123,0.12157982301790744,232041,76516,
2692,0.15788483457810595,1579,569,2123,4840,119320,232041,427877,0.12157982301790744,155525,119320,0.08339085374986203,76516,1519,244,1231,2994,427877,0.08339085374986203,155525,244,1275,1519,0.15788483457810595,2994,2692,1231,569,1579,1275,4840,2123,0.12157982301790744,232041,76516,
2692,0.20773884197504283,1579,569,2123,4840,119320,232041,427877,0.12157982301790744,155525,119320,0.08339085374986203,76516,771,161,48,980,427877,0.08339085374986203,155525,161,610,771,0.20773884197504283,980,2692,48,569,1579,610,4840,2123,0.12157982301790744,232041,76516,
2692,0.20773884197504283,1579,569,2123,4840,119320,232041,427877,0.12157982301790744,155525,119320,0.08339085374986203,76516,771,161,48,980,427877,0.08339085374986203,155525,161,610,771,0.20773884197504283,980,2692,48,569,1579,610,4840,2123,0.12157982301790744,232041,76516,
16847,0.1530445412559999,6788,2817,14030,26452,119320,232041,427877,0.11466702248253448,155525,119320,0.08339085374986203,76516,45,19,207,271,427877,0.08339085374986203,155525,19,26,45,0.1530445412559999,271,16847,207,2817,6788,26,26452,14030,0.11466702248253448,232041,76516,
16847,0.1530445412559999,6788,2817,14030,26452,119320,232041,427877,0.11466702248253448,155525,119320,0.08339085374986203,76516,45,19,207,271,427877,0.08339085374986203,155525,19,26,45,0.1530445412559999,271,16847,207,2817,6788,26,26452,14030,0.11466702248253448,232041,76516,
16847,0.1530445412559999,6788,2817,14030,26452,119320,232041,427877,0.11466702248253448,155525,119320,0.08339085374986203,76516,45,19,207,271,427877,0.08339085374986203,155525,19,26,45,0.1530445412559999,271,16847,207,2817,6788,26,26452,14030,0.11466702248253448,232041,76516,
16847,0.1530445412559999,6788,2817,14030,26452,119320,232041,427877,0.11466702248253448,155525,119320,0.08339085374986203,76516,45,19,207,271,427877,0.08339085374986203,155525,19,26,45,0.1530445412559999,271,16847,207,2817,6788,26,26452,14030,0.11466702248253448,232041,76516,
16847,0.1353439605641298,6788,2817,14030,26452,119320,232041,427877,0.11466702248253448,155525,119320,0.08339085374986203,76516,477,84,18,579,427877,0.08339085374986203,155525,84,393,477,0.1353439605641298,579,16847,18,2817,6788,393,26452,14030,0.11466702248253448,232041,76516,
16847,0.1353439605641298,6788,2817,14030,26452,119320,232041,427877,0.11466702248253448,155525,119320,0.08339085374986203,76516,477,84,18,579,427877,0.08339085374986203,155525,84,393,477,0.1353439605641298,579,16847,18,2817,6788,393,26452,14030,0.11466702248253448,232041,76516,
16847,0.1353439605641298,6788,2817,14030,26452,119320,232041,427877,0.11466702248253448,155525,119320,0.08339085374986203,76516,477,84,18,579,427877,0.08339085374986203,155525,84,393,477,0.1353439605641298,579,16847,18,2817,6788,393,26452,14030,0.11466702248253448,232041,76516,
16847,0.1353439605641298,6788,2817,14030,26452,119320,232041,427877,0.11466702248253448,155525,119320,0.08339085374986203,76516,477,84,18,579,427877,0.08339085374986203,155525,84,393,477,0.1353439605641298,579,16847,18,2817,6788,393,26452,14030,0.11466702248253448,232041,76516,
16847,0.1353439605641298,6788,2817,14030,26452,119320,232041,427877,0.11466702248253448,155525,119320,0.08339085374986203,76516,477,84,18,579,427877,0.08339085374986203,155525,84,393,477,0.1353439605641298,579,16847,18,2817,6788,393,26452,14030,0.11466702248253448,232041,76516,
16847,0.1353439605641298,6788,2817,14030,26452,119320,232041,427877,0.11466702248253448,155525,119320,0.08339085374986203,76516,477,84,18,579,427877,0.08339085374986203,155525,84,393,477,0.1353439605641298,579,16847,18,2817,6788,393,26452,14030,0.11466702248253448,232041,76516,
16847,0.1353439605641298,6788,2817,14030,26452,119320,232041,427877,0.11466702248253448,155525,119320,0.08339085374986203,76516,477,84,18,579,427877,0.08339085374986203,155525,84,393,477,0.1353439605641298,579,16847,18,2817,6788,393,26452,14030,0.11466702248253448,232041,76516,
16847,0.1353439605641298,6788,2817,14030,26452,119320,232041,427877,0.11466702248253448,155525,119320,0.08339085374986203,76516,477,84,18,579,427877,0.08339085374986203,155525,84,393,477,0.1353439605641298,579,16847,18,2817,6788,393,26452,14030,0.11466702248253448,232041,76516,
16847,0.1353439605641298,6788,2817,14030,26452,119320,232041,427877,0.11466702248253448,155525,119320,0.08339085374986203,76516,477,84,18,579,427877,0.08339085374986203,155525,84,393,477,0.1353439605641298,579,16847,18,2817,6788,393,26452,14030,0.11466702248253448,232041,76516,
16847,0.10241897057193268,6788,2817,14030,26452,119320,232041,427877,0.11466702248253448,155525,119320,0.08339085374986203,76516,92,27,6,125,427877,0.08339085374986203,155525,27,65,92,0.10241897057193268,125,16847,6,2817,6788,65,26452,14030,0.11466702248253448,232041,76516,
16847,0.1037112349628648,6788,2817,14030,26452,119320,232041,427877,0.11466702248253448,155525,119320,0.08339085374986203,76516,148,7,60,215,427877,0.08339085374986203,155525,7,141,148,0.1037112349628648,215,16847,60,2817,6788,141,26452,14030,0.11466702248253448,232041,76516,
16847,0.1037112349628648,6788,2817,14030,26452,119320,232041,427877,0.11466702248253448,155525,119320,0.08339085374986203,76516,148,7,60,215,427877,0.08339085374986203,155525,7,141,148,0.1037112349628648,215,16847,60,2817,6788,141,26452,14030,0.11466702248253448,232041,76516,
16847,0.21154786871133338,6788,2817,14030,26452,119320,232041,427877,0.11466702248253448,155525,119320,0.08339085374986203,76516,515,80,17,612,427877,0.08339085374986203,155525,80,435,515,0.21154786871133338,612,16847,17,2817,6788,435,26452,14030,0.11466702248253448,232041,76516,
16847,0.21154786871133338,6788,2817,14030,26452,119320,232041,427877,0.11466702248253448,155525,119320,0.08339085374986203,76516,515,80,17,612,427877,0.08339085374986203,155525,80,435,515,0.21154786871133338,612,16847,17,2817,6788,435,26452,14030,0.11466702248253448,232041,76516,
16847,0.23482177089417716,6788,2817,14030,26452,119320,232041,427877,0.11466702248253448,155525,119320,0.08339085374986203,76516,4221,381,243,4845,427877,0.08339085374986203,155525,381,3840,4221,0.23482177089417716,4845,16847,243,2817,6788,3840,26452,14030,0.11466702248253448,232041,76516,
16847,0.23482177089417716,6788,2817,14030,26452,119320,232041,427877,0.11466702248253448,155525,119320,0.08339085374986203,76516,4221,381,243,4845,427877,0.08339085374986203,155525,381,3840,4221,0.23482177089417716,4845,16847,243,2817,6788,3840,26452,14030,0.11466702248253448,232041,76516,
16847,0.14701608044000844,6788,2817,14030,26452,119320,232041,427877,0.11466702248253448,155525,119320,0.08339085374986203,76516,57,61,376,494,427877,0.08339085374986203,155525,61,-4,57,0.14701608044000844,494,16847,376,2817,6788,-4,26452,14030,0.11466702248253448,232041,76516,
16847,0.14701608044000844,6788,2817,14030,26452,119320,232041,427877,0.11466702248253448,155525,119320,0.08339085374986203,76516,57,61,376,494,427877,0.08339085374986203,155525,61,-4,57,0.14701608044000844,494,16847,376,2817,6788,-4,26452,14030,0.11466702248253448,232041,76516,
16847,0.12056800341123698,6788,2817,14030,26452,119320,232041,427877,0.11466702248253448,155525,119320,0.08339085374986203,76516,100,34,129,263,427877,0.08339085374986203,155525,34,66,100,0.12056800341123698,263,16847,129,2817,6788,66,26452,14030,0.11466702248253448,232041,76516,
16847,0.22851765374218874,6788,2817,14030,26452,119320,232041,427877,0.11466702248253448,155525,119320,0.08339085374986203,76516,709,129,108,946,427877,0.08339085374986203,155525,129,580,709,0.22851765374218874,946,16847,108,2817,6788,580,26452,14030,0.11466702248253448,232041,76516,
16847,0.22851765374218874,6788,2817,14030,26452,119320,232041,427877,0.11466702248253448,155525,119320,0.08339085374986203,76516,709,129,108,946,427877,0.08339085374986203,155525,129,580,709,0.22851765374218874,946,16847,108,2817,6788,580,26452,14030,0.11466702248253448,232041,76516,
16847,0.22851765374218874,6788,2817,14030,26452,119320,232041,427877,0.11466702248253448,155525,119320,0.08339085374986203,76516,709,129,108,946,427877,0.08339085374986203,155525,129,580,709,0.22851765374218874,946,16847,108,2817,6788,580,26452,14030,0.11466702248253448,232041,76516,
16847,0.1317566198834214,6788,2817,14030,26452,119320,232041,427877,0.11466702248253448,155525,119320,0.08339085374986203,76516,151,92,1345,1588,427877,0.08339085374986203,155525,92,59,151,0.1317566198834214,1588,16847,1345,2817,6788,59,26452,14030,0.11466702248253448,232041,76516,
16847,0.1317566198834214,6788,2817,14030,26452,119320,232041,427877,0.11466702248253448,155525,119320,0.08339085374986203,76516,151,92,1345,1588,427877,0.08339085374986203,155525,92,59,151,0.1317566198834214,1588,16847,1345,2817,6788,59,26452,14030,0.11466702248253448,232041,76516,
16847,0.10634256655904531,6788,2817,14030,26452,119320,232041,427877,0.11466702248253448,155525,119320,0.08339085374986203,76516,129,65,588,782,427877,0.08339085374986203,155525,65,64,129,0.10634256655904531,782,16847,588,2817,6788,64,26452,14030,0.11466702248253448,232041,76516,
16847,0.13090255910575452,6788,2817,14030,26452,119320,232041,427877,0.11466702248253448,155525,119320,0.08339085374986203,76516,506,117,36,659,427877,0.08339085374986203,155525,117,389,506,0.13090255910575452,659,16847,36,2817,6788,389,26452,14030,0.11466702248253448,232041,76516,
16847,0.13090255910575452,6788,2817,14030,26452,119320,232041,427877,0.11466702248253448,155525,119320,0.08339085374986203,76516,506,117,36,659,427877,0.08339085374986203,155525,117,389,506,0.13090255910575452,659,16847,36,2817,6788,389,26452,14030,0.11466702248253448,232041,76516,
16847,0.17451894316101846,6788,2817,14030,26452,119320,232041,427877,0.11466702248253448,155525,119320,0.08339085374986203,76516,328,398,1368,2094,427877,0.08339085374986203,155525,398,-70,328,0.17451894316101846,2094,16847,1368,2817,6788,-70,26452,14030,0.11466702248253448,232041,76516,
16847,0.17451894316101846,6788,2817,14030,26452,119320,232041,427877,0.11466702248253448,155525,119320,0.08339085374986203,76516,328,398,1368,2094,427877,0.08339085374986203,155525,398,-70,328,0.17451894316101846,2094,16847,1368,2817,6788,-70,26452,14030,0.11466702248253448,232041,76516,
16847,0.06684691252278285,6788,2817,14030,26452,119320,232041,427877,0.11466702248253448,155525,119320,0.08339085374986203,76516,2124,81,2,2207,427877,0.08339085374986203,155525,81,2043,2124,0.06684691252278285,2207,16847,2,2817,6788,2043,26452,14030,0.11466702248253448,232041,76516,
16847,0.06684691252278285,6788,2817,14030,26452,119320,232041,427877,0.11466702248253448,155525,119320,0.08339085374986203,76516,2124,81,2,2207,427877,0.08339085374986203,155525,81,2043,2124,0.06684691252278285,2207,16847,2,2817,6788,2043,26452,14030,0.11466702248253448,232041,76516,
16847,0.06684691252278285,6788,2817,14030,26452,119320,232041,427877,0.11466702248253448,155525,119320,0.08339085374986203,76516,2124,81,2,2207,427877,0.08339085374986203,155525,81,2043,2124,0.06684691252278285,2207,16847,2,2817,6788,2043,26452,14030,0.11466702248253448,232041,76516,
16847,0.06684691252278285,6788,2817,14030,26452,119320,232041,427877,0.11466702248253448,155525,119320,0.08339085374986203,76516,2124,81,2,2207,427877,0.08339085374986203,155525,81,2043,2124,0.06684691252278285,2207,16847,2,2817,6788,2043,26452,14030,0.11466702248253448,232041,76516,
16847,0.06684691252278285,6788,2817,14030,26452,119320,232041,427877,0.11466702248253448,155525,119320,0.08339085374986203,76516,2124,81,2,2207,427877,0.08339085374986203,155525,81,2043,2124,0.06684691252278285,2207,16847,2,2817,6788,2043,26452,14030,0.11466702248253448,232041,76516,
16847,0.06684691252278285,6788,2817,14030,26452,119320,232041,427877,0.11466702248253448,155525,119320,0.08339085374986203,76516,2124,81,2,2207,427877,0.08339085374986203,155525,81,2043,2124,0.06684691252278285,2207,16847,2,2817,6788,2043,26452,14030,0.11466702248253448,232041,76516,
16847,0.06684691252278285,6788,2817,14030,26452,119320,232041,427877,0.11466702248253448,155525,119320,0.08339085374986203,76516,2124,81,2,2207,427877,0.08339085374986203,155525,81,2043,2124,0.06684691252278285,2207,16847,2,2817,6788,2043,26452,14030,0.11466702248253448,232041,76516,
16847,0.06684691252278285,6788,2817,14030,26452,119320,232041,427877,0.11466702248253448,155525,119320,0.08339085374986203,76516,2124,81,2,2207,427877,0.08339085374986203,155525,81,2043,2124,0.06684691252278285,2207,16847,2,2817,6788,2043,26452,14030,0.11466702248253448,232041,76516,
16847,0.06684691252278285,6788,2817,14030,26452,119320,232041,427877,0.11466702248253448,155525,119320,0.08339085374986203,76516,2124,81,2,2207,427877,0.08339085374986203,155525,81,2043,2124,0.06684691252278285,2207,16847,2,2817,6788,2043,26452,14030,0.11466702248253448,232041,76516,
16847,0.06684691252278285,6788,2817,14030,26452,119320,232041,427877,0.11466702248253448,155525,119320,0.08339085374986203,76516,2124,81,2,2207,427877,0.08339085374986203,155525,81,2043,2124,0.06684691252278285,2207,16847,2,2817,6788,2043,26452,14030,0.11466702248253448,232041,76516,
16847,0.09378184960701018,6788,2817,14030,26452,119320,232041,427877,0.11466702248253448,155525,119320,0.08339085374986203,76516,634,70,0,704,427877,0.08339085374986203,155525,70,564,634,0.09378184960701018,704,16847,0,2817,6788,564,26452,14030,0.11466702248253448,232041,76516,
16847,0.09378184960701018,6788,2817,14030,26452,119320,232041,427877,0.11466702248253448,155525,119320,0.08339085374986203,76516,634,70,0,704,427877,0.08339085374986203,155525,70,564,634,0.09378184960701018,704,16847,0,2817,6788,564,26452,14030,0.11466702248253448,232041,76516,
16847,0.21579758688501396,6788,2817,14030,26452,119320,232041,427877,0.11466702248253448,155525,119320,0.08339085374986203,76516,1765,97,15,1877,427877,0.08339085374986203,155525,97,1668,1765,0.21579758688501396,1877,16847,15,2817,6788,1668,26452,14030,0.11466702248253448,232041,76516,
16847,0.21579758688501396,6788,2817,14030,26452,119320,232041,427877,0.11466702248253448,155525,119320,0.08339085374986203,76516,1765,97,15,1877,427877,0.08339085374986203,155525,97,1668,1765,0.21579758688501396,1877,16847,15,2817,6788,1668,26452,14030,0.11466702248253448,232041,76516,
16847,0.21579758688501396,6788,2817,14030,26452,119320,232041,427877,0.11466702248253448,155525,119320,0.08339085374986203,76516,1765,97,15,1877,427877,0.08339085374986203,155525,97,1668,1765,0.21579758688501396,1877,16847,15,2817,6788,1668,26452,14030,0.11466702248253448,232041,76516,
16847,0.21579758688501396,6788,2817,14030,26452,119320,232041,427877,0.11466702248253448,155525,119320,0.08339085374986203,76516,1765,97,15,1877,427877,0.08339085374986203,155525,97,1668,1765,0.21579758688501396,1877,16847,15,2817,6788,1668,26452,14030,0.11466702248253448,232041,76516,
16847,0.21579758688501396,6788,2817,14030,26452,119320,232041,427877,0.11466702248253448,155525,119320,0.08339085374986203,76516,1765,97,15,1877,427877,0.08339085374986203,155525,97,1668,1765,0.21579758688501396,1877,16847,15,2817,6788,1668,26452,14030,0.11466702248253448,232041,76516,
16847,0.21579758688501396,6788,2817,14030,26452,119320,232041,427877,0.11466702248253448,155525,119320,0.08339085374986203,76516,1765,97,15,1877,427877,0.08339085374986203,155525,97,1668,1765,0.21579758688501396,1877,16847,15,2817,6788,1668,26452,14030,0.11466702248253448,232041,76516,
16847,0.21579758688501396,6788,2817,14030,26452,119320,232041,427877,0.11466702248253448,155525,119320,0.08339085374986203,76516,1765,97,15,1877,427877,0.08339085374986203,155525,97,1668,1765,0.21579758688501396,1877,16847,15,2817,6788,1668,26452,14030,0.11466702248253448,232041,76516,
16847,0.21579758688501396,6788,2817,14030,26452,119320,232041,427877,0.11466702248253448,155525,119320,0.08339085374986203,76516,1765,97,15,1877,427877,0.08339085374986203,155525,97,1668,1765,0.21579758688501396,1877,16847,15,2817,6788,1668,26452,14030,0.11466702248253448,232041,76516,
16847,0.21579758688501396,6788,2817,14030,26452,119320,232041,427877,0.11466702248253448,155525,119320,0.08339085374986203,76516,1765,97,15,1877,427877,0.08339085374986203,155525,97,1668,1765,0.21579758688501396,1877,16847,15,2817,6788,1668,26452,14030,0.11466702248253448,232041,76516,
16847,0.21579758688501396,6788,2817,14030,26452,119320,232041,427877,0.11466702248253448,155525,119320,0.08339085374986203,76516,1765,97,15,1877,427877,0.08339085374986203,155525,97,1668,1765,0.21579758688501396,1877,16847,15,2817,6788,1668,26452,14030,0.11466702248253448,232041,76516,
16847,0.21579758688501396,6788,2817,14030,26452,119320,232041,427877,0.11466702248253448,155525,119320,0.08339085374986203,76516,1765,97,15,1877,427877,0.08339085374986203,155525,97,1668,1765,0.21579758688501396,1877,16847,15,2817,6788,1668,26452,14030,0.11466702248253448,232041,76516,
16847,0.21579758688501396,6788,2817,14030,26452,119320,232041,427877,0.11466702248253448,155525,119320,0.08339085374986203,76516,1765,97,15,1877,427877,0.08339085374986203,155525,97,1668,1765,0.21579758688501396,1877,16847,15,2817,6788,1668,26452,14030,0.11466702248253448,232041,76516,
16847,0.21579758688501396,6788,2817,14030,26452,119320,232041,427877,0.11466702248253448,155525,119320,0.08339085374986203,76516,1765,97,15,1877,427877,0.08339085374986203,155525,97,1668,1765,0.21579758688501396,1877,16847,15,2817,6788,1668,26452,14030,0.11466702248253448,232041,76516,
16847,0.21579758688501396,6788,2817,14030,26452,119320,232041,427877,0.11466702248253448,155525,119320,0.08339085374986203,76516,1765,97,15,1877,427877,0.08339085374986203,155525,97,1668,1765,0.21579758688501396,1877,16847,15,2817,6788,1668,26452,14030,0.11466702248253448,232041,76516,
16847,0.21579758688501396,6788,2817,14030,26452,119320,232041,427877,0.11466702248253448,155525,119320,0.08339085374986203,76516,1765,97,15,1877,427877,0.08339085374986203,155525,97,1668,1765,0.21579758688501396,1877,16847,15,2817,6788,1668,26452,14030,0.11466702248253448,232041,76516,
16847,0.21579758688501396,6788,2817,14030,26452,119320,232041,427877,0.11466702248253448,155525,119320,0.08339085374986203,76516,1765,97,15,1877,427877,0.08339085374986203,155525,97,1668,1765,0.21579758688501396,1877,16847,15,2817,6788,1668,26452,14030,0.11466702248253448,232041,76516,
16847,0.21579758688501396,6788,2817,14030,26452,119320,232041,427877,0.11466702248253448,155525,119320,0.08339085374986203,76516,1765,97,15,1877,427877,0.08339085374986203,155525,97,1668,1765,0.21579758688501396,1877,16847,15,2817,6788,1668,26452,14030,0.11466702248253448,232041,76516,
16847,0.21579758688501396,6788,2817,14030,26452,119320,232041,427877,0.11466702248253448,155525,119320,0.08339085374986203,76516,1765,97,15,1877,427877,0.08339085374986203,155525,97,1668,1765,0.21579758688501396,1877,16847,15,2817,6788,1668,26452,14030,0.11466702248253448,232041,76516,
16847,0.21579758688501396,6788,2817,14030,26452,119320,232041,427877,0.11466702248253448,155525,119320,0.08339085374986203,76516,1765,97,15,1877,427877,0.08339085374986203,155525,97,1668,1765,0.21579758688501396,1877,16847,15,2817,6788,1668,26452,14030,0.11466702248253448,232041,76516,
16847,0.09756968193067289,6788,2817,14030,26452,119320,232041,427877,0.11466702248253448,155525,119320,0.08339085374986203,76516,160,39,6,205,427877,0.08339085374986203,155525,39,121,160,0.09756968193067289,205,16847,6,2817,6788,121,26452,14030,0.11466702248253448,232041,76516,
16847,0.09756968193067289,6788,2817,14030,26452,119320,232041,427877,0.11466702248253448,155525,119320,0.08339085374986203,76516,160,39,6,205,427877,0.08339085374986203,155525,39,121,160,0.09756968193067289,205,16847,6,2817,6788,121,26452,14030,0.11466702248253448,232041,76516,
16847,0.011142218549953425,6788,2817,14030,26452,119320,232041,427877,0.11466702248253448,155525,119320,0.08339085374986203,76516,147,8,3,158,427877,0.08339085374986203,155525,8,139,147,0.011142218549953425,158,16847,3,2817,6788,139,26452,14030,0.11466702248253448,232041,76516,
16847,0.13543933816998305,6788,2817,14030,26452,119320,232041,427877,0.11466702248253448,155525,119320,0.08339085374986203,76516,671,65,2,738,427877,0.08339085374986203,155525,65,606,671,0.13543933816998305,738,16847,2,2817,6788,606,26452,14030,0.11466702248253448,232041,76516,
16847,0.13543933816998305,6788,2817,14030,26452,119320,232041,427877,0.11466702248253448,155525,119320,0.08339085374986203,76516,671,65,2,738,427877,0.08339085374986203,155525,65,606,671,0.13543933816998305,738,16847,2,2817,6788,606,26452,14030,0.11466702248253448,232041,76516,
16847,0.13069822653058072,6788,2817,14030,26452,119320,232041,427877,0.11466702248253448,155525,119320,0.08339085374986203,76516,668,79,7,754,427877,0.08339085374986203,155525,79,589,668,0.13069822653058072,754,16847,7,2817,6788,589,26452,14030,0.11466702248253448,232041,76516,
16847,0.13069822653058072,6788,2817,14030,26452,119320,232041,427877,0.11466702248253448,155525,119320,0.08339085374986203,76516,668,79,7,754,427877,0.08339085374986203,155525,79,589,668,0.13069822653058072,754,16847,7,2817,6788,589,26452,14030,0.11466702248253448,232041,76516,
16847,0.13069822653058072,6788,2817,14030,26452,119320,232041,427877,0.11466702248253448,155525,119320,0.08339085374986203,76516,668,79,7,754,427877,0.08339085374986203,155525,79,589,668,0.13069822653058072,754,16847,7,2817,6788,589,26452,14030,0.11466702248253448,232041,76516,
16847,0.13069822653058072,6788,2817,14030,26452,119320,232041,427877,0.11466702248253448,155525,119320,0.08339085374986203,76516,668,79,7,754,427877,0.08339085374986203,155525,79,589,668,0.13069822653058072,754,16847,7,2817,6788,589,26452,14030,0.11466702248253448,232041,76516,
16847,0.13069822653058072,6788,2817,14030,26452,119320,232041,427877,0.11466702248253448,155525,119320,0.08339085374986203,76516,668,79,7,754,427877,0.08339085374986203,155525,79,589,668,0.13069822653058072,754,16847,7,2817,6788,589,26452,14030,0.11466702248253448,232041,76516,
16847,0.13069822653058072,6788,2817,14030,26452,119320,232041,427877,0.11466702248253448,155525,119320,0.08339085374986203,76516,668,79,7,754,427877,0.08339085374986203,155525,79,589,668,0.13069822653058072,754,16847,7,2817,6788,589,26452,14030,0.11466702248253448,232041,76516,
16847,0.13689782961913005,6788,2817,14030,26452,119320,232041,427877,0.11466702248253448,155525,119320,0.08339085374986203,76516,215,212,45,472,427877,0.08339085374986203,155525,212,3,215,0.13689782961913005,472,16847,45,2817,6788,3,26452,14030,0.11466702248253448,232041,76516,
16847,0.13689782961913005,6788,2817,14030,26452,119320,232041,427877,0.11466702248253448,155525,119320,0.08339085374986203,76516,215,212,45,472,427877,0.08339085374986203,155525,212,3,215,0.13689782961913005,472,16847,45,2817,6788,3,26452,14030,0.11466702248253448,232041,76516,
16847,0.14120890328250496,6788,2817,14030,26452,119320,232041,427877,0.11466702248253448,155525,119320,0.08339085374986203,76516,165,79,17,261,427877,0.08339085374986203,155525,79,86,165,0.14120890328250496,261,16847,17,2817,6788,86,26452,14030,0.11466702248253448,232041,76516,
16847,0.14120890328250496,6788,2817,14030,26452,119320,232041,427877,0.11466702248253448,155525,119320,0.08339085374986203,76516,165,79,17,261,427877,0.08339085374986203,155525,79,86,165,0.14120890328250496,261,16847,17,2817,6788,86,26452,14030,0.11466702248253448,232041,76516,
16847,0.06105078421563565,6788,2817,14030,26452,119320,232041,427877,0.11466702248253448,155525,119320,0.08339085374986203,76516,20,7,81,108,427877,0.08339085374986203,155525,7,13,20,0.06105078421563565,108,16847,81,2817,6788,13,26452,14030,0.11466702248253448,232041,76516,
16847,0.19517006031890208,6788,2817,14030,26452,119320,232041,427877,0.11466702248253448,155525,119320,0.08339085374986203,76516,1635,148,85,1868,427877,0.08339085374986203,155525,148,1487,1635,0.19517006031890208,1868,16847,85,2817,6788,1487,26452,14030,0.11466702248253448,232041,76516,
813,0.03707829481372263,52,142,671,1007,119320,232041,427877,0.03836765504063882,155525,119320,0.08339085374986203,76516,125,42,14,181,427877,0.08339085374986203,155525,42,83,125,0.03707829481372263,181,813,14,142,52,83,1007,671,0.03836765504063882,232041,76516,
813,0.03707829481372263,52,142,671,1007,119320,232041,427877,0.03836765504063882,155525,119320,0.08339085374986203,76516,125,42,14,181,427877,0.08339085374986203,155525,42,83,125,0.03707829481372263,181,813,14,142,52,83,1007,671,0.03836765504063882,232041,76516,
813,0.03707829481372263,52,142,671,1007,119320,232041,427877,0.03836765504063882,155525,119320,0.08339085374986203,76516,125,42,14,181,427877,0.08339085374986203,155525,42,83,125,0.03707829481372263,181,813,14,142,52,83,1007,671,0.03836765504063882,232041,76516,
813,0.03707829481372263,52,142,671,1007,119320,232041,427877,0.03836765504063882,155525,119320,0.08339085374986203,76516,125,42,14,181,427877,0.08339085374986203,155525,42,83,125,0.03707829481372263,181,813,14,142,52,83,1007,671,0.03836765504063882,232041,76516,
813,0.31527777777777777,52,142,671,1007,119320,232041,427877,0.03836765504063882,155525,119320,0.08339085374986203,76516,134,12,0,146,427877,0.08339085374986203,155525,12,122,134,0.31527777777777777,146,813,0,142,52,122,1007,671,0.03836765504063882,232041,76516,
813,0.31527777777777777,52,142,671,1007,119320,232041,427877,0.03836765504063882,155525,119320,0.08339085374986203,76516,134,12,0,146,427877,0.08339085374986203,155525,12,122,134,0.31527777777777777,146,813,0,142,52,122,1007,671,0.03836765504063882,232041,76516,
813,0.31527777777777777,52,142,671,1007,119320,232041,427877,0.03836765504063882,155525,119320,0.08339085374986203,76516,134,12,0,146,427877,0.08339085374986203,155525,12,122,134,0.31527777777777777,146,813,0,142,52,122,1007,671,0.03836765504063882,232041,76516,
2951,0.03334507841803778,210,336,2615,3497,119320,232041,427877,0.04386424802050548,155525,119320,0.08339085374986203,76516,24,5,4,33,427877,0.08339085374986203,155525,5,19,24,0.03334507841803778,33,2951,4,336,210,19,3497,2615,0.04386424802050548,232041,76516,
2951,0.04107987644259927,210,336,2615,3497,119320,232041,427877,0.04386424802050548,155525,119320,0.08339085374986203,76516,81,3,0,84,427877,0.08339085374986203,155525,3,78,81,0.04107987644259927,84,2951,0,336,210,78,3497,2615,0.04386424802050548,232041,76516,
2951,0.11181129445094938,210,336,2615,3497,119320,232041,427877,0.04386424802050548,155525,119320,0.08339085374986203,76516,88,30,16,134,427877,0.08339085374986203,155525,30,58,88,0.11181129445094938,134,2951,16,336,210,58,3497,2615,0.04386424802050548,232041,76516,
2951,0.11181129445094938,210,336,2615,3497,119320,232041,427877,0.04386424802050548,155525,119320,0.08339085374986203,76516,88,30,16,134,427877,0.08339085374986203,155525,30,58,88,0.11181129445094938,134,2951,16,336,210,58,3497,2615,0.04386424802050548,232041,76516,
2951,0.11181129445094938,210,336,2615,3497,119320,232041,427877,0.04386424802050548,155525,119320,0.08339085374986203,76516,88,30,16,134,427877,0.08339085374986203,155525,30,58,88,0.11181129445094938,134,2951,16,336,210,58,3497,2615,0.04386424802050548,232041,76516,
2951,0.03255976244162707,210,336,2615,3497,119320,232041,427877,0.04386424802050548,155525,119320,0.08339085374986203,76516,8,7,46,61,427877,0.08339085374986203,155525,7,1,8,0.03255976244162707,61,2951,46,336,210,1,3497,2615,0.04386424802050548,232041,76516,
2951,0.07872752102562441,210,336,2615,3497,119320,232041,427877,0.04386424802050548,155525,119320,0.08339085374986203,76516,964,66,33,1063,427877,0.08339085374986203,155525,66,898,964,0.07872752102562441,1063,2951,33,336,210,898,3497,2615,0.04386424802050548,232041,76516,
2951,0.07872752102562441,210,336,2615,3497,119320,232041,427877,0.04386424802050548,155525,119320,0.08339085374986203,76516,964,66,33,1063,427877,0.08339085374986203,155525,66,898,964,0.07872752102562441,1063,2951,33,336,210,898,3497,2615,0.04386424802050548,232041,76516,
2951,0.07872752102562441,210,336,2615,3497,119320,232041,427877,0.04386424802050548,155525,119320,0.08339085374986203,76516,964,66,33,1063,427877,0.08339085374986203,155525,66,898,964,0.07872752102562441,1063,2951,33,336,210,898,3497,2615,0.04386424802050548,232041,76516,
2951,0.07872752102562441,210,336,2615,3497,119320,232041,427877,0.04386424802050548,155525,119320,0.08339085374986203,76516,964,66,33,1063,427877,0.08339085374986203,155525,66,898,964,0.07872752102562441,1063,2951,33,336,210,898,3497,2615,0.04386424802050548,232041,76516,
2951,0.07872752102562441,210,336,2615,3497,119320,232041,427877,0.04386424802050548,155525,119320,0.08339085374986203,76516,964,66,33,1063,427877,0.08339085374986203,155525,66,898,964,0.07872752102562441,1063,2951,33,336,210,898,3497,2615,0.04386424802050548,232041,76516,
2951,0.07872752102562441,210,336,2615,3497,119320,232041,427877,0.04386424802050548,155525,119320,0.08339085374986203,76516,964,66,33,1063,427877,0.08339085374986203,155525,66,898,964,0.07872752102562441,1063,2951,33,336,210,898,3497,2615,0.04386424802050548,232041,76516,
2951,0.07872752102562441,210,336,2615,3497,119320,232041,427877,0.04386424802050548,155525,119320,0.08339085374986203,76516,964,66,33,1063,427877,0.08339085374986203,155525,66,898,964,0.07872752102562441,1063,2951,33,336,210,898,3497,2615,0.04386424802050548,232041,76516,
2951,0.07872752102562441,210,336,2615,3497,119320,232041,427877,0.04386424802050548,155525,119320,0.08339085374986203,76516,964,66,33,1063,427877,0.08339085374986203,155525,66,898,964,0.07872752102562441,1063,2951,33,336,210,898,3497,2615,0.04386424802050548,232041,76516,
2951,0.07872752102562441,210,336,2615,3497,119320,232041,427877,0.04386424802050548,155525,119320,0.08339085374986203,76516,964,66,33,1063,427877,0.08339085374986203,155525,66,898,964,0.07872752102562441,1063,2951,33,336,210,898,3497,2615,0.04386424802050548,232041,76516,
2951,0.07872752102562441,210,336,2615,3497,119320,232041,427877,0.04386424802050548,155525,119320,0.08339085374986203,76516,964,66,33,1063,427877,0.08339085374986203,155525,66,898,964,0.07872752102562441,1063,2951,33,336,210,898,3497,2615,0.04386424802050548,232041,76516,
2951,0.07872752102562441,210,336,2615,3497,119320,232041,427877,0.04386424802050548,155525,119320,0.08339085374986203,76516,964,66,33,1063,427877,0.08339085374986203,155525,66,898,964,0.07872752102562441,1063,2951,33,336,210,898,3497,2615,0.04386424802050548,232041,76516,
2951,0.07872752102562441,210,336,2615,3497,119320,232041,427877,0.04386424802050548,155525,119320,0.08339085374986203,76516,964,66,33,1063,427877,0.08339085374986203,155525,66,898,964,0.07872752102562441,1063,2951,33,336,210,898,3497,2615,0.04386424802050548,232041,76516,
2951,0.07872752102562441,210,336,2615,3497,119320,232041,427877,0.04386424802050548,155525,119320,0.08339085374986203,76516,964,66,33,1063,427877,0.08339085374986203,155525,66,898,964,0.07872752102562441,1063,2951,33,336,210,898,3497,2615,0.04386424802050548,232041,76516,
2951,0.07872752102562441,210,336,2615,3497,119320,232041,427877,0.04386424802050548,155525,119320,0.08339085374986203,76516,964,66,33,1063,427877,0.08339085374986203,155525,66,898,964,0.07872752102562441,1063,2951,33,336,210,898,3497,2615,0.04386424802050548,232041,76516,
2951,0.07872752102562441,210,336,2615,3497,119320,232041,427877,0.04386424802050548,155525,119320,0.08339085374986203,76516,964,66,33,1063,427877,0.08339085374986203,155525,66,898,964,0.07872752102562441,1063,2951,33,336,210,898,3497,2615,0.04386424802050548,232041,76516,
2951,0.07872752102562441,210,336,2615,3497,119320,232041,427877,0.04386424802050548,155525,119320,0.08339085374986203,76516,964,66,33,1063,427877,0.08339085374986203,155525,66,898,964,0.07872752102562441,1063,2951,33,336,210,898,3497,2615,0.04386424802050548,232041,76516,
2951,0.07872752102562441,210,336,2615,3497,119320,232041,427877,0.04386424802050548,155525,119320,0.08339085374986203,76516,964,66,33,1063,427877,0.08339085374986203,155525,66,898,964,0.07872752102562441,1063,2951,33,336,210,898,3497,2615,0.04386424802050548,232041,76516,
2951,0.07864903516018139,210,336,2615,3497,119320,232041,427877,0.04386424802050548,155525,119320,0.08339085374986203,76516,552,20,17,589,427877,0.08339085374986203,155525,20,532,552,0.07864903516018139,589,2951,17,336,210,532,3497,2615,0.04386424802050548,232041,76516,
2951,0.05122659309668779,210,336,2615,3497,119320,232041,427877,0.04386424802050548,155525,119320,0.08339085374986203,76516,101,105,6,212,427877,0.08339085374986203,155525,105,-4,101,0.05122659309668779,212,2951,6,336,210,-4,3497,2615,0.04386424802050548,232041,76516,
2951,0.05122659309668779,210,336,2615,3497,119320,232041,427877,0.04386424802050548,155525,119320,0.08339085374986203,76516,101,105,6,212,427877,0.08339085374986203,155525,105,-4,101,0.05122659309668779,212,2951,6,336,210,-4,3497,2615,0.04386424802050548,232041,76516,
2951,0.05122659309668779,210,336,2615,3497,119320,232041,427877,0.04386424802050548,155525,119320,0.08339085374986203,76516,101,105,6,212,427877,0.08339085374986203,155525,105,-4,101,0.05122659309668779,212,2951,6,336,210,-4,3497,2615,0.04386424802050548,232041,76516,
2951,0.05122659309668779,210,336,2615,3497,119320,232041,427877,0.04386424802050548,155525,119320,0.08339085374986203,76516,101,105,6,212,427877,0.08339085374986203,155525,105,-4,101,0.05122659309668779,212,2951,6,336,210,-4,3497,2615,0.04386424802050548,232041,76516,
2951,0.05122659309668779,210,336,2615,3497,119320,232041,427877,0.04386424802050548,155525,119320,0.08339085374986203,76516,101,105,6,212,427877,0.08339085374986203,155525,105,-4,101,0.05122659309668779,212,2951,6,336,210,-4,3497,2615,0.04386424802050548,232041,76516,
2951,3.741144395999428E-4,210,336,2615,3497,119320,232041,427877,0.04386424802050548,155525,119320,0.08339085374986203,76516,174,5,7,186,427877,0.08339085374986203,155525,5,169,174,3.741144395999428E-4,186,2951,7,336,210,169,3497,2615,0.04386424802050548,232041,76516,
2951,0.004919842942909651,210,336,2615,3497,119320,232041,427877,0.04386424802050548,155525,119320,0.08339085374986203,76516,60,7,0,67,427877,0.08339085374986203,155525,7,53,60,0.004919842942909651,67,2951,0,336,210,53,3497,2615,0.04386424802050548,232041,76516,
1004,0.08337584373678737,967,303,701,2274,119320,232041,427877,0.16502925029500407,155525,119320,0.08339085374986203,76516,361,81,300,742,427877,0.08339085374986203,155525,81,280,361,0.08337584373678737,742,1004,300,303,967,280,2274,701,0.16502925029500407,232041,76516,
1004,0.1230813008354683,967,303,701,2274,119320,232041,427877,0.16502925029500407,155525,119320,0.08339085374986203,76516,100,129,493,722,427877,0.08339085374986203,155525,129,-29,100,0.1230813008354683,722,1004,493,303,967,-29,2274,701,0.16502925029500407,232041,76516,
1004,0.1230813008354683,967,303,701,2274,119320,232041,427877,0.16502925029500407,155525,119320,0.08339085374986203,76516,100,129,493,722,427877,0.08339085374986203,155525,129,-29,100,0.1230813008354683,722,1004,493,303,967,-29,2274,701,0.16502925029500407,232041,76516,
1004,0.1230813008354683,967,303,701,2274,119320,232041,427877,0.16502925029500407,155525,119320,0.08339085374986203,76516,100,129,493,722,427877,0.08339085374986203,155525,129,-29,100,0.1230813008354683,722,1004,493,303,967,-29,2274,701,0.16502925029500407,232041,76516,
1004,0.1230813008354683,967,303,701,2274,119320,232041,427877,0.16502925029500407,155525,119320,0.08339085374986203,76516,100,129,493,722,427877,0.08339085374986203,155525,129,-29,100,0.1230813008354683,722,1004,493,303,967,-29,2274,701,0.16502925029500407,232041,76516,
1004,0.21178063570104078,967,303,701,2274,119320,232041,427877,0.16502925029500407,155525,119320,0.08339085374986203,76516,68,44,20,132,427877,0.08339085374986203,155525,44,24,68,0.21178063570104078,132,1004,20,303,967,24,2274,701,0.16502925029500407,232041,76516,
3034,0.055447612319132505,1631,301,2733,4966,119320,232041,427877,0.0270164036678714,155525,119320,0.08339085374986203,76516,39,49,966,1054,427877,0.08339085374986203,155525,49,-10,39,0.055447612319132505,1054,3034,966,301,1631,-10,4966,2733,0.0270164036678714,232041,76516,
3034,0.055447612319132505,1631,301,2733,4966,119320,232041,427877,0.0270164036678714,155525,119320,0.08339085374986203,76516,39,49,966,1054,427877,0.08339085374986203,155525,49,-10,39,0.055447612319132505,1054,3034,966,301,1631,-10,4966,2733,0.0270164036678714,232041,76516,
3034,0.055447612319132505,1631,301,2733,4966,119320,232041,427877,0.0270164036678714,155525,119320,0.08339085374986203,76516,39,49,966,1054,427877,0.08339085374986203,155525,49,-10,39,0.055447612319132505,1054,3034,966,301,1631,-10,4966,2733,0.0270164036678714,232041,76516,
3034,0.055447612319132505,1631,301,2733,4966,119320,232041,427877,0.0270164036678714,155525,119320,0.08339085374986203,76516,39,49,966,1054,427877,0.08339085374986203,155525,49,-10,39,0.055447612319132505,1054,3034,966,301,1631,-10,4966,2733,0.0270164036678714,232041,76516,
3034,0.055447612319132505,1631,301,2733,4966,119320,232041,427877,0.0270164036678714,155525,119320,0.08339085374986203,76516,39,49,966,1054,427877,0.08339085374986203,155525,49,-10,39,0.055447612319132505,1054,3034,966,301,1631,-10,4966,2733,0.0270164036678714,232041,76516,
3034,0.041822761687016104,1631,301,2733,4966,119320,232041,427877,0.0270164036678714,155525,119320,0.08339085374986203,76516,1,48,169,218,427877,0.08339085374986203,155525,48,-47,1,0.041822761687016104,218,3034,169,301,1631,-47,4966,2733,0.0270164036678714,232041,76516,
755,0.35354713313896985,273,123,632,1151,119320,232041,427877,0.1884683828179418,155525,119320,0.08339085374986203,76516,249,18,0,267,427877,0.08339085374986203,155525,18,231,249,0.35354713313896985,267,755,0,123,273,231,1151,632,0.1884683828179418,232041,76516,
755,0.35354713313896985,273,123,632,1151,119320,232041,427877,0.1884683828179418,155525,119320,0.08339085374986203,76516,249,18,0,267,427877,0.08339085374986203,155525,18,231,249,0.35354713313896985,267,755,0,123,273,231,1151,632,0.1884683828179418,232041,76516,
755,0.2395621536173908,273,123,632,1151,119320,232041,427877,0.1884683828179418,155525,119320,0.08339085374986203,76516,115,57,61,233,427877,0.08339085374986203,155525,57,58,115,0.2395621536173908,233,755,61,123,273,58,1151,632,0.1884683828179418,232041,76516,
755,0.2395621536173908,273,123,632,1151,119320,232041,427877,0.1884683828179418,155525,119320,0.08339085374986203,76516,115,57,61,233,427877,0.08339085374986203,155525,57,58,115,0.2395621536173908,233,755,61,123,273,58,1151,632,0.1884683828179418,232041,76516,
755,0.2395621536173908,273,123,632,1151,119320,232041,427877,0.1884683828179418,155525,119320,0.08339085374986203,76516,115,57,61,233,427877,0.08339085374986203,155525,57,58,115,0.2395621536173908,233,755,61,123,273,58,1151,632,0.1884683828179418,232041,76516,
755,0.2395621536173908,273,123,632,1151,119320,232041,427877,0.1884683828179418,155525,119320,0.08339085374986203,76516,115,57,61,233,427877,0.08339085374986203,155525,57,58,115,0.2395621536173908,233,755,61,123,273,58,1151,632,0.1884683828179418,232041,76516,
755,0.13515020377585793,273,123,632,1151,119320,232041,427877,0.1884683828179418,155525,119320,0.08339085374986203,76516,88,20,207,315,427877,0.08339085374986203,155525,20,68,88,0.13515020377585793,315,755,207,123,273,68,1151,632,0.1884683828179418,232041,76516,
755,0.13515020377585793,273,123,632,1151,119320,232041,427877,0.1884683828179418,155525,119320,0.08339085374986203,76516,88,20,207,315,427877,0.08339085374986203,155525,20,68,88,0.13515020377585793,315,755,207,123,273,68,1151,632,0.1884683828179418,232041,76516,
755,0.13515020377585793,273,123,632,1151,119320,232041,427877,0.1884683828179418,155525,119320,0.08339085374986203,76516,88,20,207,315,427877,0.08339085374986203,155525,20,68,88,0.13515020377585793,315,755,207,123,273,68,1151,632,0.1884683828179418,232041,76516,
423,0.27386295689598145,22,232,191,677,119320,232041,427877,0.11595330353075717,155525,119320,0.08339085374986203,76516,46,31,21,98,427877,0.08339085374986203,155525,31,15,46,0.27386295689598145,98,423,21,232,22,15,677,191,0.11595330353075717,232041,76516,
1653,0.12918250470206608,1728,399,1254,3780,119320,232041,427877,0.038092259467756726,155525,119320,0.08339085374986203,76516,89,70,894,1053,427877,0.08339085374986203,155525,70,19,89,0.12918250470206608,1053,1653,894,399,1728,19,3780,1254,0.038092259467756726,232041,76516,
1653,0.06191099797781782,1728,399,1254,3780,119320,232041,427877,0.038092259467756726,155525,119320,0.08339085374986203,76516,669,56,0,725,427877,0.08339085374986203,155525,56,613,669,0.06191099797781782,725,1653,0,399,1728,613,3780,1254,0.038092259467756726,232041,76516,
1653,0.06191099797781782,1728,399,1254,3780,119320,232041,427877,0.038092259467756726,155525,119320,0.08339085374986203,76516,669,56,0,725,427877,0.08339085374986203,155525,56,613,669,0.06191099797781782,725,1653,0,399,1728,613,3780,1254,0.038092259467756726,232041,76516,
969,0.06002062421337311,356,211,758,1536,119320,232041,427877,0.06442553668586508,155525,119320,0.08339085374986203,76516,210,12,0,222,427877,0.08339085374986203,155525,12,198,210,0.06002062421337311,222,969,0,211,356,198,1536,758,0.06442553668586508,232041,76516,
969,0.06002062421337311,356,211,758,1536,119320,232041,427877,0.06442553668586508,155525,119320,0.08339085374986203,76516,210,12,0,222,427877,0.08339085374986203,155525,12,198,210,0.06002062421337311,222,969,0,211,356,198,1536,758,0.06442553668586508,232041,76516,
969,0.06002062421337311,356,211,758,1536,119320,232041,427877,0.06442553668586508,155525,119320,0.08339085374986203,76516,210,12,0,222,427877,0.08339085374986203,155525,12,198,210,0.06002062421337311,222,969,0,211,356,198,1536,758,0.06442553668586508,232041,76516,
969,0.06002062421337311,356,211,758,1536,119320,232041,427877,0.06442553668586508,155525,119320,0.08339085374986203,76516,210,12,0,222,427877,0.08339085374986203,155525,12,198,210,0.06002062421337311,222,969,0,211,356,198,1536,758,0.06442553668586508,232041,76516,
969,0.06002062421337311,356,211,758,1536,119320,232041,427877,0.06442553668586508,155525,119320,0.08339085374986203,76516,210,12,0,222,427877,0.08339085374986203,155525,12,198,210,0.06002062421337311,222,969,0,211,356,198,1536,758,0.06442553668586508,232041,76516,
969,0.06002062421337311,356,211,758,1536,119320,232041,427877,0.06442553668586508,155525,119320,0.08339085374986203,76516,210,12,0,222,427877,0.08339085374986203,155525,12,198,210,0.06002062421337311,222,969,0,211,356,198,1536,758,0.06442553668586508,232041,76516,
969,0.016071582898068915,356,211,758,1536,119320,232041,427877,0.06442553668586508,155525,119320,0.08339085374986203,76516,13,7,111,131,427877,0.08339085374986203,155525,7,6,13,0.016071582898068915,131,969,111,211,356,6,1536,758,0.06442553668586508,232041,76516,
969,0.046748904446041385,356,211,758,1536,119320,232041,427877,0.06442553668586508,155525,119320,0.08339085374986203,76516,70,11,3,84,427877,0.08339085374986203,155525,11,59,70,0.046748904446041385,84,969,3,211,356,59,1536,758,0.06442553668586508,232041,76516,
969,0.046748904446041385,356,211,758,1536,119320,232041,427877,0.06442553668586508,155525,119320,0.08339085374986203,76516,70,11,3,84,427877,0.08339085374986203,155525,11,59,70,0.046748904446041385,84,969,3,211,356,59,1536,758,0.06442553668586508,232041,76516,
969,0.046748904446041385,356,211,758,1536,119320,232041,427877,0.06442553668586508,155525,119320,0.08339085374986203,76516,70,11,3,84,427877,0.08339085374986203,155525,11,59,70,0.046748904446041385,84,969,3,211,356,59,1536,758,0.06442553668586508,232041,76516,
969,0.046748904446041385,356,211,758,1536,119320,232041,427877,0.06442553668586508,155525,119320,0.08339085374986203,76516,70,11,3,84,427877,0.08339085374986203,155525,11,59,70,0.046748904446041385,84,969,3,211,356,59,1536,758,0.06442553668586508,232041,76516,
91,0.05656365204319701,2,14,77,107,119320,232041,427877,0.05656365204319701,155525,119320,0.08339085374986203,76516,91,14,2,107,427877,0.08339085374986203,155525,14,77,91,0.05656365204319701,107,91,2,14,2,77,107,77,0.05656365204319701,232041,76516,
170,0.5,13,20,150,203,119320,232041,427877,0.08702812127124991,155525,119320,0.08339085374986203,76516,51,0,0,51,427877,0.08339085374986203,155525,0,51,51,0.5,51,170,0,20,13,51,203,150,0.08702812127124991,232041,76516,
146,0.18743886743886745,20,19,127,185,119320,232041,427877,0.17405156308382116,155525,119320,0.08339085374986203,76516,25,12,20,57,427877,0.08339085374986203,155525,12,13,25,0.18743886743886745,57,146,20,19,20,13,185,127,0.17405156308382116,232041,76516,
1739,0.038461538461538464,1,21,1718,1761,119320,232041,427877,0.021894201525223866,155525,119320,0.08339085374986203,76516,0,1,0,1,427877,0.08339085374986203,155525,1,-1,0,0.038461538461538464,1,1739,0,21,1,-1,1761,1718,0.021894201525223866,232041,76516,
1739,0.038461538461538464,1,21,1718,1761,119320,232041,427877,0.021894201525223866,155525,119320,0.08339085374986203,76516,0,1,0,1,427877,0.08339085374986203,155525,1,-1,0,0.038461538461538464,1,1739,0,21,1,-1,1761,1718,0.021894201525223866,232041,76516,
1739,0.038461538461538464,1,21,1718,1761,119320,232041,427877,0.021894201525223866,155525,119320,0.08339085374986203,76516,0,1,0,1,427877,0.08339085374986203,155525,1,-1,0,0.038461538461538464,1,1739,0,21,1,-1,1761,1718,0.021894201525223866,232041,76516,
1739,0.013513513513513514,1,21,1718,1761,119320,232041,427877,0.021894201525223866,155525,119320,0.08339085374986203,76516,0,1,0,1,427877,0.08339085374986203,155525,1,-1,0,0.013513513513513514,1,1739,0,21,1,-1,1761,1718,0.021894201525223866,232041,76516,
1739,0.013513513513513514,1,21,1718,1761,119320,232041,427877,0.021894201525223866,155525,119320,0.08339085374986203,76516,0,1,0,1,427877,0.08339085374986203,155525,1,-1,0,0.013513513513513514,1,1739,0,21,1,-1,1761,1718,0.021894201525223866,232041,76516,
1739,0.011627906976744186,1,21,1718,1761,119320,232041,427877,0.021894201525223866,155525,119320,0.08339085374986203,76516,0,1,0,1,427877,0.08339085374986203,155525,1,-1,0,0.011627906976744186,1,1739,0,21,1,-1,1761,1718,0.021894201525223866,232041,76516,
1739,0.011627906976744186,1,21,1718,1761,119320,232041,427877,0.021894201525223866,155525,119320,0.08339085374986203,76516,0,1,0,1,427877,0.08339085374986203,155525,1,-1,0,0.011627906976744186,1,1739,0,21,1,-1,1761,1718,0.021894201525223866,232041,76516,
1739,0.011627906976744186,1,21,1718,1761,119320,232041,427877,0.021894201525223866,155525,119320,0.08339085374986203,76516,0,1,0,1,427877,0.08339085374986203,155525,1,-1,0,0.011627906976744186,1,1739,0,21,1,-1,1761,1718,0.021894201525223866,232041,76516,
1739,0.011627906976744186,1,21,1718,1761,119320,232041,427877,0.021894201525223866,155525,119320,0.08339085374986203,76516,0,1,0,1,427877,0.08339085374986203,155525,1,-1,0,0.011627906976744186,1,1739,0,21,1,-1,1761,1718,0.021894201525223866,232041,76516,
1739,0.011627906976744186,1,21,1718,1761,119320,232041,427877,0.021894201525223866,155525,119320,0.08339085374986203,76516,0,1,0,1,427877,0.08339085374986203,155525,1,-1,0,0.011627906976744186,1,1739,0,21,1,-1,1761,1718,0.021894201525223866,232041,76516,
1739,0.011627906976744186,1,21,1718,1761,119320,232041,427877,0.021894201525223866,155525,119320,0.08339085374986203,76516,0,1,0,1,427877,0.08339085374986203,155525,1,-1,0,0.011627906976744186,1,1739,0,21,1,-1,1761,1718,0.021894201525223866,232041,76516,
1739,0.011627906976744186,1,21,1718,1761,119320,232041,427877,0.021894201525223866,155525,119320,0.08339085374986203,76516,0,1,0,1,427877,0.08339085374986203,155525,1,-1,0,0.011627906976744186,1,1739,0,21,1,-1,1761,1718,0.021894201525223866,232041,76516,
1739,0.00909090909090909,1,21,1718,1761,119320,232041,427877,0.021894201525223866,155525,119320,0.08339085374986203,76516,0,1,0,1,427877,0.08339085374986203,155525,1,-1,0,0.00909090909090909,1,1739,0,21,1,-1,1761,1718,0.021894201525223866,232041,76516,
1739,0.00909090909090909,1,21,1718,1761,119320,232041,427877,0.021894201525223866,155525,119320,0.08339085374986203,76516,0,1,0,1,427877,0.08339085374986203,155525,1,-1,0,0.00909090909090909,1,1739,0,21,1,-1,1761,1718,0.021894201525223866,232041,76516,
1739,0.00819672131147541,1,21,1718,1761,119320,232041,427877,0.021894201525223866,155525,119320,0.08339085374986203,76516,0,1,0,1,427877,0.08339085374986203,155525,1,-1,0,0.00819672131147541,1,1739,0,21,1,-1,1761,1718,0.021894201525223866,232041,76516,
1739,0.00819672131147541,1,21,1718,1761,119320,232041,427877,0.021894201525223866,155525,119320,0.08339085374986203,76516,0,1,0,1,427877,0.08339085374986203,155525,1,-1,0,0.00819672131147541,1,1739,0,21,1,-1,1761,1718,0.021894201525223866,232041,76516,
1739,0.00819672131147541,1,21,1718,1761,119320,232041,427877,0.021894201525223866,155525,119320,0.08339085374986203,76516,0,1,0,1,427877,0.08339085374986203,155525,1,-1,0,0.00819672131147541,1,1739,0,21,1,-1,1761,1718,0.021894201525223866,232041,76516,
1739,0.00819672131147541,1,21,1718,1761,119320,232041,427877,0.021894201525223866,155525,119320,0.08339085374986203,76516,0,1,0,1,427877,0.08339085374986203,155525,1,-1,0,0.00819672131147541,1,1739,0,21,1,-1,1761,1718,0.021894201525223866,232041,76516,
1739,0.00819672131147541,1,21,1718,1761,119320,232041,427877,0.021894201525223866,155525,119320,0.08339085374986203,76516,0,1,0,1,427877,0.08339085374986203,155525,1,-1,0,0.00819672131147541,1,1739,0,21,1,-1,1761,1718,0.021894201525223866,232041,76516,
1739,0.00819672131147541,1,21,1718,1761,119320,232041,427877,0.021894201525223866,155525,119320,0.08339085374986203,76516,0,1,0,1,427877,0.08339085374986203,155525,1,-1,0,0.00819672131147541,1,1739,0,21,1,-1,1761,1718,0.021894201525223866,232041,76516,
1739,0.00819672131147541,1,21,1718,1761,119320,232041,427877,0.021894201525223866,155525,119320,0.08339085374986203,76516,0,1,0,1,427877,0.08339085374986203,155525,1,-1,0,0.00819672131147541,1,1739,0,21,1,-1,1761,1718,0.021894201525223866,232041,76516,
1739,0.00819672131147541,1,21,1718,1761,119320,232041,427877,0.021894201525223866,155525,119320,0.08339085374986203,76516,0,1,0,1,427877,0.08339085374986203,155525,1,-1,0,0.00819672131147541,1,1739,0,21,1,-1,1761,1718,0.021894201525223866,232041,76516,
1739,0.00819672131147541,1,21,1718,1761,119320,232041,427877,0.021894201525223866,155525,119320,0.08339085374986203,76516,0,1,0,1,427877,0.08339085374986203,155525,1,-1,0,0.00819672131147541,1,1739,0,21,1,-1,1761,1718,0.021894201525223866,232041,76516,
1739,0.00819672131147541,1,21,1718,1761,119320,232041,427877,0.021894201525223866,155525,119320,0.08339085374986203,76516,0,1,0,1,427877,0.08339085374986203,155525,1,-1,0,0.00819672131147541,1,1739,0,21,1,-1,1761,1718,0.021894201525223866,232041,76516,
1739,0.036274509803921565,1,21,1718,1761,119320,232041,427877,0.021894201525223866,155525,119320,0.08339085374986203,76516,0,1,1,2,427877,0.08339085374986203,155525,1,-1,0,0.036274509803921565,2,1739,1,21,1,-1,1761,1718,0.021894201525223866,232041,76516,
1739,0.036274509803921565,1,21,1718,1761,119320,232041,427877,0.021894201525223866,155525,119320,0.08339085374986203,76516,0,1,1,2,427877,0.08339085374986203,155525,1,-1,0,0.036274509803921565,2,1739,1,21,1,-1,1761,1718,0.021894201525223866,232041,76516,
1739,0.036274509803921565,1,21,1718,1761,119320,232041,427877,0.021894201525223866,155525,119320,0.08339085374986203,76516,0,1,1,2,427877,0.08339085374986203,155525,1,-1,0,0.036274509803921565,2,1739,1,21,1,-1,1761,1718,0.021894201525223866,232041,76516,
1739,0.005494505494505495,1,21,1718,1761,119320,232041,427877,0.021894201525223866,155525,119320,0.08339085374986203,76516,0,1,0,1,427877,0.08339085374986203,155525,1,-1,0,0.005494505494505495,1,1739,0,21,1,-1,1761,1718,0.021894201525223866,232041,76516,
1739,0.005494505494505495,1,21,1718,1761,119320,232041,427877,0.021894201525223866,155525,119320,0.08339085374986203,76516,0,1,0,1,427877,0.08339085374986203,155525,1,-1,0,0.005494505494505495,1,1739,0,21,1,-1,1761,1718,0.021894201525223866,232041,76516,
1739,0.005494505494505495,1,21,1718,1761,119320,232041,427877,0.021894201525223866,155525,119320,0.08339085374986203,76516,0,1,0,1,427877,0.08339085374986203,155525,1,-1,0,0.005494505494505495,1,1739,0,21,1,-1,1761,1718,0.021894201525223866,232041,76516,
1739,0.0048543689320388345,1,21,1718,1761,119320,232041,427877,0.021894201525223866,155525,119320,0.08339085374986203,76516,0,1,0,1,427877,0.08339085374986203,155525,1,-1,0,0.0048543689320388345,1,1739,0,21,1,-1,1761,1718,0.021894201525223866,232041,76516,
1739,0.004347826086956522,1,21,1718,1761,119320,232041,427877,0.021894201525223866,155525,119320,0.08339085374986203,76516,0,1,0,1,427877,0.08339085374986203,155525,1,-1,0,0.004347826086956522,1,1739,0,21,1,-1,1761,1718,0.021894201525223866,232041,76516,
1739,0.004347826086956522,1,21,1718,1761,119320,232041,427877,0.021894201525223866,155525,119320,0.08339085374986203,76516,0,1,0,1,427877,0.08339085374986203,155525,1,-1,0,0.004347826086956522,1,1739,0,21,1,-1,1761,1718,0.021894201525223866,232041,76516,
1739,0.004347826086956522,1,21,1718,1761,119320,232041,427877,0.021894201525223866,155525,119320,0.08339085374986203,76516,0,1,0,1,427877,0.08339085374986203,155525,1,-1,0,0.004347826086956522,1,1739,0,21,1,-1,1761,1718,0.021894201525223866,232041,76516,
1739,0.007433658916068804,1,21,1718,1761,119320,232041,427877,0.021894201525223866,155525,119320,0.08339085374986203,76516,86,0,0,86,427877,0.08339085374986203,155525,0,86,86,0.007433658916068804,86,1739,0,21,1,86,1761,1718,0.021894201525223866,232041,76516,
1739,0.007433658916068804,1,21,1718,1761,119320,232041,427877,0.021894201525223866,155525,119320,0.08339085374986203,76516,86,0,0,86,427877,0.08339085374986203,155525,0,86,86,0.007433658916068804,86,1739,0,21,1,86,1761,1718,0.021894201525223866,232041,76516,
1739,0.007433658916068804,1,21,1718,1761,119320,232041,427877,0.021894201525223866,155525,119320,0.08339085374986203,76516,86,0,0,86,427877,0.08339085374986203,155525,0,86,86,0.007433658916068804,86,1739,0,21,1,86,1761,1718,0.021894201525223866,232041,76516,
190,0.004132231404958678,0,3,187,193,119320,232041,427877,0.005312300015137458,155525,119320,0.08339085374986203,76516,0,1,0,1,427877,0.08339085374986203,155525,1,-1,0,0.004132231404958678,1,190,0,3,0,-1,193,187,0.005312300015137458,232041,76516,
190,0.004132231404958678,0,3,187,193,119320,232041,427877,0.005312300015137458,155525,119320,0.08339085374986203,76516,0,1,0,1,427877,0.08339085374986203,155525,1,-1,0,0.004132231404958678,1,190,0,3,0,-1,193,187,0.005312300015137458,232041,76516,
190,0.004132231404958678,0,3,187,193,119320,232041,427877,0.005312300015137458,155525,119320,0.08339085374986203,76516,0,1,0,1,427877,0.08339085374986203,155525,1,-1,0,0.004132231404958678,1,190,0,3,0,-1,193,187,0.005312300015137458,232041,76516,
190,0.004132231404958678,0,3,187,193,119320,232041,427877,0.005312300015137458,155525,119320,0.08339085374986203,76516,0,1,0,1,427877,0.08339085374986203,155525,1,-1,0,0.004132231404958678,1,190,0,3,0,-1,193,187,0.005312300015137458,232041,76516,
190,0.004132231404958678,0,3,187,193,119320,232041,427877,0.005312300015137458,155525,119320,0.08339085374986203,76516,0,1,0,1,427877,0.08339085374986203,155525,1,-1,0,0.004132231404958678,1,190,0,3,0,-1,193,187,0.005312300015137458,232041,76516,
190,0.004132231404958678,0,3,187,193,119320,232041,427877,0.005312300015137458,155525,119320,0.08339085374986203,76516,0,1,0,1,427877,0.08339085374986203,155525,1,-1,0,0.004132231404958678,1,190,0,3,0,-1,193,187,0.005312300015137458,232041,76516,
190,0.0037593984962406013,0,3,187,193,119320,232041,427877,0.005312300015137458,155525,119320,0.08339085374986203,76516,0,1,0,1,427877,0.08339085374986203,155525,1,-1,0,0.0037593984962406013,1,190,0,3,0,-1,193,187,0.005312300015137458,232041,76516,
190,0.0037593984962406013,0,3,187,193,119320,232041,427877,0.005312300015137458,155525,119320,0.08339085374986203,76516,0,1,0,1,427877,0.08339085374986203,155525,1,-1,0,0.0037593984962406013,1,190,0,3,0,-1,193,187,0.005312300015137458,232041,76516,
190,0.0037593984962406013,0,3,187,193,119320,232041,427877,0.005312300015137458,155525,119320,0.08339085374986203,76516,0,1,0,1,427877,0.08339085374986203,155525,1,-1,0,0.0037593984962406013,1,190,0,3,0,-1,193,187,0.005312300015137458,232041,76516,
190,0.0037593984962406013,0,3,187,193,119320,232041,427877,0.005312300015137458,155525,119320,0.08339085374986203,76516,0,1,0,1,427877,0.08339085374986203,155525,1,-1,0,0.0037593984962406013,1,190,0,3,0,-1,193,187,0.005312300015137458,232041,76516,
190,0.0037593984962406013,0,3,187,193,119320,232041,427877,0.005312300015137458,155525,119320,0.08339085374986203,76516,0,1,0,1,427877,0.08339085374986203,155525,1,-1,0,0.0037593984962406013,1,190,0,3,0,-1,193,187,0.005312300015137458,232041,76516,
190,0.0037593984962406013,0,3,187,193,119320,232041,427877,0.005312300015137458,155525,119320,0.08339085374986203,76516,0,1,0,1,427877,0.08339085374986203,155525,1,-1,0,0.0037593984962406013,1,190,0,3,0,-1,193,187,0.005312300015137458,232041,76516,
190,0.0037593984962406013,0,3,187,193,119320,232041,427877,0.005312300015137458,155525,119320,0.08339085374986203,76516,0,1,0,1,427877,0.08339085374986203,155525,1,-1,0,0.0037593984962406013,1,190,0,3,0,-1,193,187,0.005312300015137458,232041,76516,
190,0.0037593984962406013,0,3,187,193,119320,232041,427877,0.005312300015137458,155525,119320,0.08339085374986203,76516,0,1,0,1,427877,0.08339085374986203,155525,1,-1,0,0.0037593984962406013,1,190,0,3,0,-1,193,187,0.005312300015137458,232041,76516,
179,0.0035971223021582736,0,12,167,191,119320,232041,427877,0.0035124708622152026,155525,119320,0.08339085374986203,76516,0,1,0,1,427877,0.08339085374986203,155525,1,-1,0,0.0035971223021582736,1,179,0,12,0,-1,191,167,0.0035124708622152026,232041,76516,
179,0.0035971223021582736,0,12,167,191,119320,232041,427877,0.0035124708622152026,155525,119320,0.08339085374986203,76516,0,1,0,1,427877,0.08339085374986203,155525,1,-1,0,0.0035971223021582736,1,179,0,12,0,-1,191,167,0.0035124708622152026,232041,76516,
179,0.0034482758620689655,0,12,167,191,119320,232041,427877,0.0035124708622152026,155525,119320,0.08339085374986203,76516,0,1,0,1,427877,0.08339085374986203,155525,1,-1,0,0.0034482758620689655,1,179,0,12,0,-1,191,167,0.0035124708622152026,232041,76516,
179,0.0033112582781456954,0,12,167,191,119320,232041,427877,0.0035124708622152026,155525,119320,0.08339085374986203,76516,0,1,0,1,427877,0.08339085374986203,155525,1,-1,0,0.0033112582781456954,1,179,0,12,0,-1,191,167,0.0035124708622152026,232041,76516,
179,0.0031847133757961785,0,12,167,191,119320,232041,427877,0.0035124708622152026,155525,119320,0.08339085374986203,76516,0,1,0,1,427877,0.08339085374986203,155525,1,-1,0,0.0031847133757961785,1,179,0,12,0,-1,191,167,0.0035124708622152026,232041,76516,
179,0.0031847133757961785,0,12,167,191,119320,232041,427877,0.0035124708622152026,155525,119320,0.08339085374986203,76516,0,1,0,1,427877,0.08339085374986203,155525,1,-1,0,0.0031847133757961785,1,179,0,12,0,-1,191,167,0.0035124708622152026,232041,76516,
179,0.003067484662576687,0,12,167,191,119320,232041,427877,0.0035124708622152026,155525,119320,0.08339085374986203,76516,0,1,0,1,427877,0.08339085374986203,155525,1,-1,0,0.003067484662576687,1,179,0,12,0,-1,191,167,0.0035124708622152026,232041,76516,
61,0.003898635477582846,0,22,39,83,119320,232041,427877,0.0033727921001246255,155525,119320,0.08339085374986203,76516,0,2,0,2,427877,0.08339085374986203,155525,2,-2,0,0.003898635477582846,2,61,0,22,0,-2,83,39,0.0033727921001246255,232041,76516,
61,0.003898635477582846,0,22,39,83,119320,232041,427877,0.0033727921001246255,155525,119320,0.08339085374986203,76516,0,2,0,2,427877,0.08339085374986203,155525,2,-2,0,0.003898635477582846,2,61,0,22,0,-2,83,39,0.0033727921001246255,232041,76516,
61,0.003898635477582846,0,22,39,83,119320,232041,427877,0.0033727921001246255,155525,119320,0.08339085374986203,76516,0,2,0,2,427877,0.08339085374986203,155525,2,-2,0,0.003898635477582846,2,61,0,22,0,-2,83,39,0.0033727921001246255,232041,76516,
61,0.003898635477582846,0,22,39,83,119320,232041,427877,0.0033727921001246255,155525,119320,0.08339085374986203,76516,0,2,0,2,427877,0.08339085374986203,155525,2,-2,0,0.003898635477582846,2,61,0,22,0,-2,83,39,0.0033727921001246255,232041,76516,
61,0.003898635477582846,0,22,39,83,119320,232041,427877,0.0033727921001246255,155525,119320,0.08339085374986203,76516,0,2,0,2,427877,0.08339085374986203,155525,2,-2,0,0.003898635477582846,2,61,0,22,0,-2,83,39,0.0033727921001246255,232041,76516,
61,0.0038022813688212928,0,22,39,83,119320,232041,427877,0.0033727921001246255,155525,119320,0.08339085374986203,76516,0,2,0,2,427877,0.08339085374986203,155525,2,-2,0,0.0038022813688212928,2,61,0,22,0,-2,83,39,0.0033727921001246255,232041,76516,
1596,0.0034602076124567475,0,30,1566,1626,119320,232041,427877,0.004917049774497049,155525,119320,0.08339085374986203,76516,0,2,0,2,427877,0.08339085374986203,155525,2,-2,0,0.0034602076124567475,2,1596,0,30,0,-2,1626,1566,0.004917049774497049,232041,76516,
1596,0.0031746031746031746,0,30,1566,1626,119320,232041,427877,0.004917049774497049,155525,119320,0.08339085374986203,76516,0,2,0,2,427877,0.08339085374986203,155525,2,-2,0,0.0031746031746031746,2,1596,0,30,0,-2,1626,1566,0.004917049774497049,232041,76516,
1596,0.0031746031746031746,0,30,1566,1626,119320,232041,427877,0.004917049774497049,155525,119320,0.08339085374986203,76516,0,2,0,2,427877,0.08339085374986203,155525,2,-2,0,0.0031746031746031746,2,1596,0,30,0,-2,1626,1566,0.004917049774497049,232041,76516,
1596,0.0031746031746031746,0,30,1566,1626,119320,232041,427877,0.004917049774497049,155525,119320,0.08339085374986203,76516,0,2,0,2,427877,0.08339085374986203,155525,2,-2,0,0.0031746031746031746,2,1596,0,30,0,-2,1626,1566,0.004917049774497049,232041,76516,
1596,0.0029895366218236174,0,30,1566,1626,119320,232041,427877,0.004917049774497049,155525,119320,0.08339085374986203,76516,0,2,0,2,427877,0.08339085374986203,155525,2,-2,0,0.0029895366218236174,2,1596,0,30,0,-2,1626,1566,0.004917049774497049,232041,76516,
1596,0.0029895366218236174,0,30,1566,1626,119320,232041,427877,0.004917049774497049,155525,119320,0.08339085374986203,76516,0,2,0,2,427877,0.08339085374986203,155525,2,-2,0,0.0029895366218236174,2,1596,0,30,0,-2,1626,1566,0.004917049774497049,232041,76516,
1596,0.0029895366218236174,0,30,1566,1626,119320,232041,427877,0.004917049774497049,155525,119320,0.08339085374986203,76516,0,2,0,2,427877,0.08339085374986203,155525,2,-2,0,0.0029895366218236174,2,1596,0,30,0,-2,1626,1566,0.004917049774497049,232041,76516,
1596,0.0029895366218236174,0,30,1566,1626,119320,232041,427877,0.004917049774497049,155525,119320,0.08339085374986203,76516,0,2,0,2,427877,0.08339085374986203,155525,2,-2,0,0.0029895366218236174,2,1596,0,30,0,-2,1626,1566,0.004917049774497049,232041,76516,
1596,0.0029895366218236174,0,30,1566,1626,119320,232041,427877,0.004917049774497049,155525,119320,0.08339085374986203,76516,0,2,0,2,427877,0.08339085374986203,155525,2,-2,0,0.0029895366218236174,2,1596,0,30,0,-2,1626,1566,0.004917049774497049,232041,76516,
1596,0.0029895366218236174,0,30,1566,1626,119320,232041,427877,0.004917049774497049,155525,119320,0.08339085374986203,76516,0,2,0,2,427877,0.08339085374986203,155525,2,-2,0,0.0029895366218236174,2,1596,0,30,0,-2,1626,1566,0.004917049774497049,232041,76516,
1596,0.0029895366218236174,0,30,1566,1626,119320,232041,427877,0.004917049774497049,155525,119320,0.08339085374986203,76516,0,2,0,2,427877,0.08339085374986203,155525,2,-2,0,0.0029895366218236174,2,1596,0,30,0,-2,1626,1566,0.004917049774497049,232041,76516,
1596,0.002824858757062147,0,30,1566,1626,119320,232041,427877,0.004917049774497049,155525,119320,0.08339085374986203,76516,0,2,0,2,427877,0.08339085374986203,155525,2,-2,0,0.002824858757062147,2,1596,0,30,0,-2,1626,1566,0.004917049774497049,232041,76516,
1596,0.002824858757062147,0,30,1566,1626,119320,232041,427877,0.004917049774497049,155525,119320,0.08339085374986203,76516,0,2,0,2,427877,0.08339085374986203,155525,2,-2,0,0.002824858757062147,2,1596,0,30,0,-2,1626,1566,0.004917049774497049,232041,76516,
1596,0.002631578947368421,0,30,1566,1626,119320,232041,427877,0.004917049774497049,155525,119320,0.08339085374986203,76516,0,2,0,2,427877,0.08339085374986203,155525,2,-2,0,0.002631578947368421,2,1596,0,30,0,-2,1626,1566,0.004917049774497049,232041,76516,
1596,0.002631578947368421,0,30,1566,1626,119320,232041,427877,0.004917049774497049,155525,119320,0.08339085374986203,76516,0,2,0,2,427877,0.08339085374986203,155525,2,-2,0,0.002631578947368421,2,1596,0,30,0,-2,1626,1566,0.004917049774497049,232041,76516,
182,0.31087424123007235,0,179,3,361,119320,232041,427877,0.31087424123007235,155525,119320,0.08339085374986203,76516,182,179,0,361,427877,0.08339085374986203,155525,179,3,182,0.31087424123007235,361,182,0,179,0,3,361,3,0.31087424123007235,232041,76516,
182,0.31087424123007235,0,179,3,361,119320,232041,427877,0.31087424123007235,155525,119320,0.08339085374986203,76516,182,179,0,361,427877,0.08339085374986203,155525,179,3,182,0.31087424123007235,361,182,0,179,0,3,361,3,0.31087424123007235,232041,76516,
4419,0.2207398522083919,1538,8334,-3915,14291,119320,232041,427877,0.12298467311457523,155525,119320,0.08339085374986203,76516,477,1834,726,3037,427877,0.08339085374986203,155525,1834,-1357,477,0.2207398522083919,3037,4419,726,8334,1538,-1357,14291,-3915,0.12298467311457523,232041,76516,
4419,0.2207398522083919,1538,8334,-3915,14291,119320,232041,427877,0.12298467311457523,155525,119320,0.08339085374986203,76516,477,1834,726,3037,427877,0.08339085374986203,155525,1834,-1357,477,0.2207398522083919,3037,4419,726,8334,1538,-1357,14291,-3915,0.12298467311457523,232041,76516,
4419,0.2207398522083919,1538,8334,-3915,14291,119320,232041,427877,0.12298467311457523,155525,119320,0.08339085374986203,76516,477,1834,726,3037,427877,0.08339085374986203,155525,1834,-1357,477,0.2207398522083919,3037,4419,726,8334,1538,-1357,14291,-3915,0.12298467311457523,232041,76516,
4419,0.2207398522083919,1538,8334,-3915,14291,119320,232041,427877,0.12298467311457523,155525,119320,0.08339085374986203,76516,477,1834,726,3037,427877,0.08339085374986203,155525,1834,-1357,477,0.2207398522083919,3037,4419,726,8334,1538,-1357,14291,-3915,0.12298467311457523,232041,76516,
4419,0.2207398522083919,1538,8334,-3915,14291,119320,232041,427877,0.12298467311457523,155525,119320,0.08339085374986203,76516,477,1834,726,3037,427877,0.08339085374986203,155525,1834,-1357,477,0.2207398522083919,3037,4419,726,8334,1538,-1357,14291,-3915,0.12298467311457523,232041,76516,
4419,0.2207398522083919,1538,8334,-3915,14291,119320,232041,427877,0.12298467311457523,155525,119320,0.08339085374986203,76516,477,1834,726,3037,427877,0.08339085374986203,155525,1834,-1357,477,0.2207398522083919,3037,4419,726,8334,1538,-1357,14291,-3915,0.12298467311457523,232041,76516,
4419,0.2207398522083919,1538,8334,-3915,14291,119320,232041,427877,0.12298467311457523,155525,119320,0.08339085374986203,76516,477,1834,726,3037,427877,0.08339085374986203,155525,1834,-1357,477,0.2207398522083919,3037,4419,726,8334,1538,-1357,14291,-3915,0.12298467311457523,232041,76516,
4419,0.2207398522083919,1538,8334,-3915,14291,119320,232041,427877,0.12298467311457523,155525,119320,0.08339085374986203,76516,477,1834,726,3037,427877,0.08339085374986203,155525,1834,-1357,477,0.2207398522083919,3037,4419,726,8334,1538,-1357,14291,-3915,0.12298467311457523,232041,76516,
4419,0.2207398522083919,1538,8334,-3915,14291,119320,232041,427877,0.12298467311457523,155525,119320,0.08339085374986203,76516,477,1834,726,3037,427877,0.08339085374986203,155525,1834,-1357,477,0.2207398522083919,3037,4419,726,8334,1538,-1357,14291,-3915,0.12298467311457523,232041,76516,
4419,0.2207398522083919,1538,8334,-3915,14291,119320,232041,427877,0.12298467311457523,155525,119320,0.08339085374986203,76516,477,1834,726,3037,427877,0.08339085374986203,155525,1834,-1357,477,0.2207398522083919,3037,4419,726,8334,1538,-1357,14291,-3915,0.12298467311457523,232041,76516,
4419,0.2207398522083919,1538,8334,-3915,14291,119320,232041,427877,0.12298467311457523,155525,119320,0.08339085374986203,76516,477,1834,726,3037,427877,0.08339085374986203,155525,1834,-1357,477,0.2207398522083919,3037,4419,726,8334,1538,-1357,14291,-3915,0.12298467311457523,232041,76516,
4419,0.10268775253870066,1538,8334,-3915,14291,119320,232041,427877,0.12298467311457523,155525,119320,0.08339085374986203,76516,367,137,22,526,427877,0.08339085374986203,155525,137,230,367,0.10268775253870066,526,4419,22,8334,1538,230,14291,-3915,0.12298467311457523,232041,76516,
4419,0.1699197485099197,1538,8334,-3915,14291,119320,232041,427877,0.12298467311457523,155525,119320,0.08339085374986203,76516,487,826,22,1335,427877,0.08339085374986203,155525,826,-339,487,0.1699197485099197,1335,4419,22,8334,1538,-339,14291,-3915,0.12298467311457523,232041,76516,
4419,0.13483390644195084,1538,8334,-3915,14291,119320,232041,427877,0.12298467311457523,155525,119320,0.08339085374986203,76516,968,1105,365,2438,427877,0.08339085374986203,155525,1105,-137,968,0.13483390644195084,2438,4419,365,8334,1538,-137,14291,-3915,0.12298467311457523,232041,76516,
4419,0.13483390644195084,1538,8334,-3915,14291,119320,232041,427877,0.12298467311457523,155525,119320,0.08339085374986203,76516,968,1105,365,2438,427877,0.08339085374986203,155525,1105,-137,968,0.13483390644195084,2438,4419,365,8334,1538,-137,14291,-3915,0.12298467311457523,232041,76516,
4419,0.13483390644195084,1538,8334,-3915,14291,119320,232041,427877,0.12298467311457523,155525,119320,0.08339085374986203,76516,968,1105,365,2438,427877,0.08339085374986203,155525,1105,-137,968,0.13483390644195084,2438,4419,365,8334,1538,-137,14291,-3915,0.12298467311457523,232041,76516,
4419,0.13483390644195084,1538,8334,-3915,14291,119320,232041,427877,0.12298467311457523,155525,119320,0.08339085374986203,76516,968,1105,365,2438,427877,0.08339085374986203,155525,1105,-137,968,0.13483390644195084,2438,4419,365,8334,1538,-137,14291,-3915,0.12298467311457523,232041,76516,
4419,0.08764372322724871,1538,8334,-3915,14291,119320,232041,427877,0.12298467311457523,155525,119320,0.08339085374986203,76516,247,474,10,731,427877,0.08339085374986203,155525,474,-227,247,0.08764372322724871,731,4419,10,8334,1538,-227,14291,-3915,0.12298467311457523,232041,76516,
4419,0.08764372322724871,1538,8334,-3915,14291,119320,232041,427877,0.12298467311457523,155525,119320,0.08339085374986203,76516,247,474,10,731,427877,0.08339085374986203,155525,474,-227,247,0.08764372322724871,731,4419,10,8334,1538,-227,14291,-3915,0.12298467311457523,232041,76516,
4419,0.08764372322724871,1538,8334,-3915,14291,119320,232041,427877,0.12298467311457523,155525,119320,0.08339085374986203,76516,247,474,10,731,427877,0.08339085374986203,155525,474,-227,247,0.08764372322724871,731,4419,10,8334,1538,-227,14291,-3915,0.12298467311457523,232041,76516,
4419,0.08764372322724871,1538,8334,-3915,14291,119320,232041,427877,0.12298467311457523,155525,119320,0.08339085374986203,76516,247,474,10,731,427877,0.08339085374986203,155525,474,-227,247,0.08764372322724871,731,4419,10,8334,1538,-227,14291,-3915,0.12298467311457523,232041,76516,
4419,0.10402287008417717,1538,8334,-3915,14291,119320,232041,427877,0.12298467311457523,155525,119320,0.08339085374986203,76516,164,248,2,414,427877,0.08339085374986203,155525,248,-84,164,0.10402287008417717,414,4419,2,8334,1538,-84,14291,-3915,0.12298467311457523,232041,76516,
4419,0.05206672187088238,1538,8334,-3915,14291,119320,232041,427877,0.12298467311457523,155525,119320,0.08339085374986203,76516,14,475,4,493,427877,0.08339085374986203,155525,475,-461,14,0.05206672187088238,493,4419,4,8334,1538,-461,14291,-3915,0.12298467311457523,232041,76516,
4419,0.05206672187088238,1538,8334,-3915,14291,119320,232041,427877,0.12298467311457523,155525,119320,0.08339085374986203,76516,14,475,4,493,427877,0.08339085374986203,155525,475,-461,14,0.05206672187088238,493,4419,4,8334,1538,-461,14291,-3915,0.12298467311457523,232041,76516,
4419,0.05206672187088238,1538,8334,-3915,14291,119320,232041,427877,0.12298467311457523,155525,119320,0.08339085374986203,76516,14,475,4,493,427877,0.08339085374986203,155525,475,-461,14,0.05206672187088238,493,4419,4,8334,1538,-461,14291,-3915,0.12298467311457523,232041,76516,
4419,0.05206672187088238,1538,8334,-3915,14291,119320,232041,427877,0.12298467311457523,155525,119320,0.08339085374986203,76516,14,475,4,493,427877,0.08339085374986203,155525,475,-461,14,0.05206672187088238,493,4419,4,8334,1538,-461,14291,-3915,0.12298467311457523,232041,76516,
4419,0.13547335594330204,1538,8334,-3915,14291,119320,232041,427877,0.12298467311457523,155525,119320,0.08339085374986203,76516,688,1321,92,2101,427877,0.08339085374986203,155525,1321,-633,688,0.13547335594330204,2101,4419,92,8334,1538,-633,14291,-3915,0.12298467311457523,232041,76516,
4419,0.13547335594330204,1538,8334,-3915,14291,119320,232041,427877,0.12298467311457523,155525,119320,0.08339085374986203,76516,688,1321,92,2101,427877,0.08339085374986203,155525,1321,-633,688,0.13547335594330204,2101,4419,92,8334,1538,-633,14291,-3915,0.12298467311457523,232041,76516,
4419,0.13547335594330204,1538,8334,-3915,14291,119320,232041,427877,0.12298467311457523,155525,119320,0.08339085374986203,76516,688,1321,92,2101,427877,0.08339085374986203,155525,1321,-633,688,0.13547335594330204,2101,4419,92,8334,1538,-633,14291,-3915,0.12298467311457523,232041,76516,
4419,0.13547335594330204,1538,8334,-3915,14291,119320,232041,427877,0.12298467311457523,155525,119320,0.08339085374986203,76516,688,1321,92,2101,427877,0.08339085374986203,155525,1321,-633,688,0.13547335594330204,2101,4419,92,8334,1538,-633,14291,-3915,0.12298467311457523,232041,76516,
4419,0.08178063824253666,1538,8334,-3915,14291,119320,232041,427877,0.12298467311457523,155525,119320,0.08339085374986203,76516,180,904,29,1113,427877,0.08339085374986203,155525,904,-724,180,0.08178063824253666,1113,4419,29,8334,1538,-724,14291,-3915,0.12298467311457523,232041,76516,
4419,0.08178063824253666,1538,8334,-3915,14291,119320,232041,427877,0.12298467311457523,155525,119320,0.08339085374986203,76516,180,904,29,1113,427877,0.08339085374986203,155525,904,-724,180,0.08178063824253666,1113,4419,29,8334,1538,-724,14291,-3915,0.12298467311457523,232041,76516,
4419,0.08178063824253666,1538,8334,-3915,14291,119320,232041,427877,0.12298467311457523,155525,119320,0.08339085374986203,76516,180,904,29,1113,427877,0.08339085374986203,155525,904,-724,180,0.08178063824253666,1113,4419,29,8334,1538,-724,14291,-3915,0.12298467311457523,232041,76516,
4419,0.08178063824253666,1538,8334,-3915,14291,119320,232041,427877,0.12298467311457523,155525,119320,0.08339085374986203,76516,180,904,29,1113,427877,0.08339085374986203,155525,904,-724,180,0.08178063824253666,1113,4419,29,8334,1538,-724,14291,-3915,0.12298467311457523,232041,76516,
4419,0.08178063824253666,1538,8334,-3915,14291,119320,232041,427877,0.12298467311457523,155525,119320,0.08339085374986203,76516,180,904,29,1113,427877,0.08339085374986203,155525,904,-724,180,0.08178063824253666,1113,4419,29,8334,1538,-724,14291,-3915,0.12298467311457523,232041,76516,
4419,0.23104331639583436,1538,8334,-3915,14291,119320,232041,427877,0.12298467311457523,155525,119320,0.08339085374986203,76516,63,2,61,126,427877,0.08339085374986203,155525,2,61,63,0.23104331639583436,126,4419,61,8334,1538,61,14291,-3915,0.12298467311457523,232041,76516,
4419,0.1625874460032876,1538,8334,-3915,14291,119320,232041,427877,0.12298467311457523,155525,119320,0.08339085374986203,76516,7,30,0,37,427877,0.08339085374986203,155525,30,-23,7,0.1625874460032876,37,4419,0,8334,1538,-23,14291,-3915,0.12298467311457523,232041,76516,
862,0.10046775983354087,232,2110,-1248,3204,119320,232041,427877,0.0917870751557834,155525,119320,0.08339085374986203,76516,61,123,0,184,427877,0.08339085374986203,155525,123,-62,61,0.10046775983354087,184,862,0,2110,232,-62,3204,-1248,0.0917870751557834,232041,76516,
862,0.10046775983354087,232,2110,-1248,3204,119320,232041,427877,0.0917870751557834,155525,119320,0.08339085374986203,76516,61,123,0,184,427877,0.08339085374986203,155525,123,-62,61,0.10046775983354087,184,862,0,2110,232,-62,3204,-1248,0.0917870751557834,232041,76516,
862,0.05555085510088957,232,2110,-1248,3204,119320,232041,427877,0.0917870751557834,155525,119320,0.08339085374986203,76516,20,245,1,266,427877,0.08339085374986203,155525,245,-225,20,0.05555085510088957,266,862,1,2110,232,-225,3204,-1248,0.0917870751557834,232041,76516,
862,0.059627471769205215,232,2110,-1248,3204,119320,232041,427877,0.0917870751557834,155525,119320,0.08339085374986203,76516,79,197,0,276,427877,0.08339085374986203,155525,197,-118,79,0.059627471769205215,276,862,0,2110,232,-118,3204,-1248,0.0917870751557834,232041,76516,
862,0.10811106809464395,232,2110,-1248,3204,119320,232041,427877,0.0917870751557834,155525,119320,0.08339085374986203,76516,210,630,180,1020,427877,0.08339085374986203,155525,630,-420,210,0.10811106809464395,1020,862,180,2110,232,-420,3204,-1248,0.0917870751557834,232041,76516,
862,0.10811106809464395,232,2110,-1248,3204,119320,232041,427877,0.0917870751557834,155525,119320,0.08339085374986203,76516,210,630,180,1020,427877,0.08339085374986203,155525,630,-420,210,0.10811106809464395,1020,862,180,2110,232,-420,3204,-1248,0.0917870751557834,232041,76516,
862,0.10811106809464395,232,2110,-1248,3204,119320,232041,427877,0.0917870751557834,155525,119320,0.08339085374986203,76516,210,630,180,1020,427877,0.08339085374986203,155525,630,-420,210,0.10811106809464395,1020,862,180,2110,232,-420,3204,-1248,0.0917870751557834,232041,76516,
862,0.10811106809464395,232,2110,-1248,3204,119320,232041,427877,0.0917870751557834,155525,119320,0.08339085374986203,76516,210,630,180,1020,427877,0.08339085374986203,155525,630,-420,210,0.10811106809464395,1020,862,180,2110,232,-420,3204,-1248,0.0917870751557834,232041,76516,
862,0.10811106809464395,232,2110,-1248,3204,119320,232041,427877,0.0917870751557834,155525,119320,0.08339085374986203,76516,210,630,180,1020,427877,0.08339085374986203,155525,630,-420,210,0.10811106809464395,1020,862,180,2110,232,-420,3204,-1248,0.0917870751557834,232041,76516,
862,0.10811106809464395,232,2110,-1248,3204,119320,232041,427877,0.0917870751557834,155525,119320,0.08339085374986203,76516,210,630,180,1020,427877,0.08339085374986203,155525,630,-420,210,0.10811106809464395,1020,862,180,2110,232,-420,3204,-1248,0.0917870751557834,232041,76516,
862,0.10811106809464395,232,2110,-1248,3204,119320,232041,427877,0.0917870751557834,155525,119320,0.08339085374986203,76516,210,630,180,1020,427877,0.08339085374986203,155525,630,-420,210,0.10811106809464395,1020,862,180,2110,232,-420,3204,-1248,0.0917870751557834,232041,76516,
862,0.045783905447900806,232,2110,-1248,3204,119320,232041,427877,0.0917870751557834,155525,119320,0.08339085374986203,76516,41,240,19,300,427877,0.08339085374986203,155525,240,-199,41,0.045783905447900806,300,862,19,2110,232,-199,3204,-1248,0.0917870751557834,232041,76516,
862,0.045783905447900806,232,2110,-1248,3204,119320,232041,427877,0.0917870751557834,155525,119320,0.08339085374986203,76516,41,240,19,300,427877,0.08339085374986203,155525,240,-199,41,0.045783905447900806,300,862,19,2110,232,-199,3204,-1248,0.0917870751557834,232041,76516,
862,0.045783905447900806,232,2110,-1248,3204,119320,232041,427877,0.0917870751557834,155525,119320,0.08339085374986203,76516,41,240,19,300,427877,0.08339085374986203,155525,240,-199,41,0.045783905447900806,300,862,19,2110,232,-199,3204,-1248,0.0917870751557834,232041,76516,
862,0.09704754965141668,232,2110,-1248,3204,119320,232041,427877,0.0917870751557834,155525,119320,0.08339085374986203,76516,86,271,19,376,427877,0.08339085374986203,155525,271,-185,86,0.09704754965141668,376,862,19,2110,232,-185,3204,-1248,0.0917870751557834,232041,76516,
862,0.09704754965141668,232,2110,-1248,3204,119320,232041,427877,0.0917870751557834,155525,119320,0.08339085374986203,76516,86,271,19,376,427877,0.08339085374986203,155525,271,-185,86,0.09704754965141668,376,862,19,2110,232,-185,3204,-1248,0.0917870751557834,232041,76516,
862,0.09704754965141668,232,2110,-1248,3204,119320,232041,427877,0.0917870751557834,155525,119320,0.08339085374986203,76516,86,271,19,376,427877,0.08339085374986203,155525,271,-185,86,0.09704754965141668,376,862,19,2110,232,-185,3204,-1248,0.0917870751557834,232041,76516,
862,0.09704754965141668,232,2110,-1248,3204,119320,232041,427877,0.0917870751557834,155525,119320,0.08339085374986203,76516,86,271,19,376,427877,0.08339085374986203,155525,271,-185,86,0.09704754965141668,376,862,19,2110,232,-185,3204,-1248,0.0917870751557834,232041,76516,
862,0.09704754965141668,232,2110,-1248,3204,119320,232041,427877,0.0917870751557834,155525,119320,0.08339085374986203,76516,86,271,19,376,427877,0.08339085374986203,155525,271,-185,86,0.09704754965141668,376,862,19,2110,232,-185,3204,-1248,0.0917870751557834,232041,76516,
862,0.09704754965141668,232,2110,-1248,3204,119320,232041,427877,0.0917870751557834,155525,119320,0.08339085374986203,76516,86,271,19,376,427877,0.08339085374986203,155525,271,-185,86,0.09704754965141668,376,862,19,2110,232,-185,3204,-1248,0.0917870751557834,232041,76516,
862,0.14513028083563878,232,2110,-1248,3204,119320,232041,427877,0.0917870751557834,155525,119320,0.08339085374986203,76516,259,254,11,524,427877,0.08339085374986203,155525,254,5,259,0.14513028083563878,524,862,11,2110,232,5,3204,-1248,0.0917870751557834,232041,76516,
862,0.14513028083563878,232,2110,-1248,3204,119320,232041,427877,0.0917870751557834,155525,119320,0.08339085374986203,76516,259,254,11,524,427877,0.08339085374986203,155525,254,5,259,0.14513028083563878,524,862,11,2110,232,5,3204,-1248,0.0917870751557834,232041,76516,
862,0.14513028083563878,232,2110,-1248,3204,119320,232041,427877,0.0917870751557834,155525,119320,0.08339085374986203,76516,259,254,11,524,427877,0.08339085374986203,155525,254,5,259,0.14513028083563878,524,862,11,2110,232,5,3204,-1248,0.0917870751557834,232041,76516,
862,0.14513028083563878,232,2110,-1248,3204,119320,232041,427877,0.0917870751557834,155525,119320,0.08339085374986203,76516,259,254,11,524,427877,0.08339085374986203,155525,254,5,259,0.14513028083563878,524,862,11,2110,232,5,3204,-1248,0.0917870751557834,232041,76516,
862,0.14513028083563878,232,2110,-1248,3204,119320,232041,427877,0.0917870751557834,155525,119320,0.08339085374986203,76516,259,254,11,524,427877,0.08339085374986203,155525,254,5,259,0.14513028083563878,524,862,11,2110,232,5,3204,-1248,0.0917870751557834,232041,76516,
2195,0.10720806463524575,2462,255,1940,4912,119320,232041,427877,0.03481851087740502,155525,119320,0.08339085374986203,76516,11,17,186,214,427877,0.08339085374986203,155525,17,-6,11,0.10720806463524575,214,2195,186,255,2462,-6,4912,1940,0.03481851087740502,232041,76516,
2195,0.10720806463524575,2462,255,1940,4912,119320,232041,427877,0.03481851087740502,155525,119320,0.08339085374986203,76516,11,17,186,214,427877,0.08339085374986203,155525,17,-6,11,0.10720806463524575,214,2195,186,255,2462,-6,4912,1940,0.03481851087740502,232041,76516,
2195,0.10720806463524575,2462,255,1940,4912,119320,232041,427877,0.03481851087740502,155525,119320,0.08339085374986203,76516,11,17,186,214,427877,0.08339085374986203,155525,17,-6,11,0.10720806463524575,214,2195,186,255,2462,-6,4912,1940,0.03481851087740502,232041,76516,
2195,0.10720806463524575,2462,255,1940,4912,119320,232041,427877,0.03481851087740502,155525,119320,0.08339085374986203,76516,11,17,186,214,427877,0.08339085374986203,155525,17,-6,11,0.10720806463524575,214,2195,186,255,2462,-6,4912,1940,0.03481851087740502,232041,76516,
2195,0.10720806463524575,2462,255,1940,4912,119320,232041,427877,0.03481851087740502,155525,119320,0.08339085374986203,76516,11,17,186,214,427877,0.08339085374986203,155525,17,-6,11,0.10720806463524575,214,2195,186,255,2462,-6,4912,1940,0.03481851087740502,232041,76516,
2195,0.10720806463524575,2462,255,1940,4912,119320,232041,427877,0.03481851087740502,155525,119320,0.08339085374986203,76516,11,17,186,214,427877,0.08339085374986203,155525,17,-6,11,0.10720806463524575,214,2195,186,255,2462,-6,4912,1940,0.03481851087740502,232041,76516,
2195,0.10720806463524575,2462,255,1940,4912,119320,232041,427877,0.03481851087740502,155525,119320,0.08339085374986203,76516,11,17,186,214,427877,0.08339085374986203,155525,17,-6,11,0.10720806463524575,214,2195,186,255,2462,-6,4912,1940,0.03481851087740502,232041,76516,
2195,0.10720806463524575,2462,255,1940,4912,119320,232041,427877,0.03481851087740502,155525,119320,0.08339085374986203,76516,11,17,186,214,427877,0.08339085374986203,155525,17,-6,11,0.10720806463524575,214,2195,186,255,2462,-6,4912,1940,0.03481851087740502,232041,76516,
2195,0.10720806463524575,2462,255,1940,4912,119320,232041,427877,0.03481851087740502,155525,119320,0.08339085374986203,76516,11,17,186,214,427877,0.08339085374986203,155525,17,-6,11,0.10720806463524575,214,2195,186,255,2462,-6,4912,1940,0.03481851087740502,232041,76516,
2195,0.10720806463524575,2462,255,1940,4912,119320,232041,427877,0.03481851087740502,155525,119320,0.08339085374986203,76516,11,17,186,214,427877,0.08339085374986203,155525,17,-6,11,0.10720806463524575,214,2195,186,255,2462,-6,4912,1940,0.03481851087740502,232041,76516,
2195,0.10720806463524575,2462,255,1940,4912,119320,232041,427877,0.03481851087740502,155525,119320,0.08339085374986203,76516,11,17,186,214,427877,0.08339085374986203,155525,17,-6,11,0.10720806463524575,214,2195,186,255,2462,-6,4912,1940,0.03481851087740502,232041,76516,
2195,0.10720806463524575,2462,255,1940,4912,119320,232041,427877,0.03481851087740502,155525,119320,0.08339085374986203,76516,11,17,186,214,427877,0.08339085374986203,155525,17,-6,11,0.10720806463524575,214,2195,186,255,2462,-6,4912,1940,0.03481851087740502,232041,76516,
2195,0.10720806463524575,2462,255,1940,4912,119320,232041,427877,0.03481851087740502,155525,119320,0.08339085374986203,76516,11,17,186,214,427877,0.08339085374986203,155525,17,-6,11,0.10720806463524575,214,2195,186,255,2462,-6,4912,1940,0.03481851087740502,232041,76516,
2195,0.10720806463524575,2462,255,1940,4912,119320,232041,427877,0.03481851087740502,155525,119320,0.08339085374986203,76516,11,17,186,214,427877,0.08339085374986203,155525,17,-6,11,0.10720806463524575,214,2195,186,255,2462,-6,4912,1940,0.03481851087740502,232041,76516,
2195,0.10720806463524575,2462,255,1940,4912,119320,232041,427877,0.03481851087740502,155525,119320,0.08339085374986203,76516,11,17,186,214,427877,0.08339085374986203,155525,17,-6,11,0.10720806463524575,214,2195,186,255,2462,-6,4912,1940,0.03481851087740502,232041,76516,
2195,0.10720806463524575,2462,255,1940,4912,119320,232041,427877,0.03481851087740502,155525,119320,0.08339085374986203,76516,11,17,186,214,427877,0.08339085374986203,155525,17,-6,11,0.10720806463524575,214,2195,186,255,2462,-6,4912,1940,0.03481851087740502,232041,76516,
2195,0.10720806463524575,2462,255,1940,4912,119320,232041,427877,0.03481851087740502,155525,119320,0.08339085374986203,76516,11,17,186,214,427877,0.08339085374986203,155525,17,-6,11,0.10720806463524575,214,2195,186,255,2462,-6,4912,1940,0.03481851087740502,232041,76516,
2195,0.10720806463524575,2462,255,1940,4912,119320,232041,427877,0.03481851087740502,155525,119320,0.08339085374986203,76516,11,17,186,214,427877,0.08339085374986203,155525,17,-6,11,0.10720806463524575,214,2195,186,255,2462,-6,4912,1940,0.03481851087740502,232041,76516,
2195,0.10720806463524575,2462,255,1940,4912,119320,232041,427877,0.03481851087740502,155525,119320,0.08339085374986203,76516,11,17,186,214,427877,0.08339085374986203,155525,17,-6,11,0.10720806463524575,214,2195,186,255,2462,-6,4912,1940,0.03481851087740502,232041,76516,
2195,0.10720806463524575,2462,255,1940,4912,119320,232041,427877,0.03481851087740502,155525,119320,0.08339085374986203,76516,11,17,186,214,427877,0.08339085374986203,155525,17,-6,11,0.10720806463524575,214,2195,186,255,2462,-6,4912,1940,0.03481851087740502,232041,76516,
2195,0.10720806463524575,2462,255,1940,4912,119320,232041,427877,0.03481851087740502,155525,119320,0.08339085374986203,76516,11,17,186,214,427877,0.08339085374986203,155525,17,-6,11,0.10720806463524575,214,2195,186,255,2462,-6,4912,1940,0.03481851087740502,232041,76516,
2195,0.10720806463524575,2462,255,1940,4912,119320,232041,427877,0.03481851087740502,155525,119320,0.08339085374986203,76516,11,17,186,214,427877,0.08339085374986203,155525,17,-6,11,0.10720806463524575,214,2195,186,255,2462,-6,4912,1940,0.03481851087740502,232041,76516,
2195,0.10720806463524575,2462,255,1940,4912,119320,232041,427877,0.03481851087740502,155525,119320,0.08339085374986203,76516,11,17,186,214,427877,0.08339085374986203,155525,17,-6,11,0.10720806463524575,214,2195,186,255,2462,-6,4912,1940,0.03481851087740502,232041,76516,
2195,0.10720806463524575,2462,255,1940,4912,119320,232041,427877,0.03481851087740502,155525,119320,0.08339085374986203,76516,11,17,186,214,427877,0.08339085374986203,155525,17,-6,11,0.10720806463524575,214,2195,186,255,2462,-6,4912,1940,0.03481851087740502,232041,76516,
2195,0.10720806463524575,2462,255,1940,4912,119320,232041,427877,0.03481851087740502,155525,119320,0.08339085374986203,76516,11,17,186,214,427877,0.08339085374986203,155525,17,-6,11,0.10720806463524575,214,2195,186,255,2462,-6,4912,1940,0.03481851087740502,232041,76516,
2195,0.10720806463524575,2462,255,1940,4912,119320,232041,427877,0.03481851087740502,155525,119320,0.08339085374986203,76516,11,17,186,214,427877,0.08339085374986203,155525,17,-6,11,0.10720806463524575,214,2195,186,255,2462,-6,4912,1940,0.03481851087740502,232041,76516,
2195,0.10720806463524575,2462,255,1940,4912,119320,232041,427877,0.03481851087740502,155525,119320,0.08339085374986203,76516,11,17,186,214,427877,0.08339085374986203,155525,17,-6,11,0.10720806463524575,214,2195,186,255,2462,-6,4912,1940,0.03481851087740502,232041,76516,
2195,0.10720806463524575,2462,255,1940,4912,119320,232041,427877,0.03481851087740502,155525,119320,0.08339085374986203,76516,11,17,186,214,427877,0.08339085374986203,155525,17,-6,11,0.10720806463524575,214,2195,186,255,2462,-6,4912,1940,0.03481851087740502,232041,76516,
2195,0.10720806463524575,2462,255,1940,4912,119320,232041,427877,0.03481851087740502,155525,119320,0.08339085374986203,76516,11,17,186,214,427877,0.08339085374986203,155525,17,-6,11,0.10720806463524575,214,2195,186,255,2462,-6,4912,1940,0.03481851087740502,232041,76516,
2195,0.10720806463524575,2462,255,1940,4912,119320,232041,427877,0.03481851087740502,155525,119320,0.08339085374986203,76516,11,17,186,214,427877,0.08339085374986203,155525,17,-6,11,0.10720806463524575,214,2195,186,255,2462,-6,4912,1940,0.03481851087740502,232041,76516,
9120,0.19617875281008132,6286,3389,5731,18795,119320,232041,427877,0.07119524217318587,155525,119320,0.08339085374986203,76516,1624,1172,1839,4635,427877,0.08339085374986203,155525,1172,452,1624,0.19617875281008132,4635,9120,1839,3389,6286,452,18795,5731,0.07119524217318587,232041,76516,
9120,0.19617875281008132,6286,3389,5731,18795,119320,232041,427877,0.07119524217318587,155525,119320,0.08339085374986203,76516,1624,1172,1839,4635,427877,0.08339085374986203,155525,1172,452,1624,0.19617875281008132,4635,9120,1839,3389,6286,452,18795,5731,0.07119524217318587,232041,76516,
1972,0.31167867070719796,10,38,1934,2020,119320,232041,427877,0.15587770740710558,155525,119320,0.08339085374986203,76516,818,22,1,841,427877,0.08339085374986203,155525,22,796,818,0.31167867070719796,841,1972,1,38,10,796,2020,1934,0.15587770740710558,232041,76516,
1972,0.31167867070719796,10,38,1934,2020,119320,232041,427877,0.15587770740710558,155525,119320,0.08339085374986203,76516,818,22,1,841,427877,0.08339085374986203,155525,22,796,818,0.31167867070719796,841,1972,1,38,10,796,2020,1934,0.15587770740710558,232041,76516,
1972,0.31167867070719796,10,38,1934,2020,119320,232041,427877,0.15587770740710558,155525,119320,0.08339085374986203,76516,818,22,1,841,427877,0.08339085374986203,155525,22,796,818,0.31167867070719796,841,1972,1,38,10,796,2020,1934,0.15587770740710558,232041,76516,
1972,0.31167867070719796,10,38,1934,2020,119320,232041,427877,0.15587770740710558,155525,119320,0.08339085374986203,76516,818,22,1,841,427877,0.08339085374986203,155525,22,796,818,0.31167867070719796,841,1972,1,38,10,796,2020,1934,0.15587770740710558,232041,76516,
1972,0.31167867070719796,10,38,1934,2020,119320,232041,427877,0.15587770740710558,155525,119320,0.08339085374986203,76516,818,22,1,841,427877,0.08339085374986203,155525,22,796,818,0.31167867070719796,841,1972,1,38,10,796,2020,1934,0.15587770740710558,232041,76516,
1972,0.15159002161777396,10,38,1934,2020,119320,232041,427877,0.15587770740710558,155525,119320,0.08339085374986203,76516,1153,15,3,1171,427877,0.08339085374986203,155525,15,1138,1153,0.15159002161777396,1171,1972,3,38,10,1138,2020,1934,0.15587770740710558,232041,76516,
1972,0.15159002161777396,10,38,1934,2020,119320,232041,427877,0.15587770740710558,155525,119320,0.08339085374986203,76516,1153,15,3,1171,427877,0.08339085374986203,155525,15,1138,1153,0.15159002161777396,1171,1972,3,38,10,1138,2020,1934,0.15587770740710558,232041,76516,
1972,0.15159002161777396,10,38,1934,2020,119320,232041,427877,0.15587770740710558,155525,119320,0.08339085374986203,76516,1153,15,3,1171,427877,0.08339085374986203,155525,15,1138,1153,0.15159002161777396,1171,1972,3,38,10,1138,2020,1934,0.15587770740710558,232041,76516,
1972,0.15159002161777396,10,38,1934,2020,119320,232041,427877,0.15587770740710558,155525,119320,0.08339085374986203,76516,1153,15,3,1171,427877,0.08339085374986203,155525,15,1138,1153,0.15159002161777396,1171,1972,3,38,10,1138,2020,1934,0.15587770740710558,232041,76516,
1972,0.15159002161777396,10,38,1934,2020,119320,232041,427877,0.15587770740710558,155525,119320,0.08339085374986203,76516,1153,15,3,1171,427877,0.08339085374986203,155525,15,1138,1153,0.15159002161777396,1171,1972,3,38,10,1138,2020,1934,0.15587770740710558,232041,76516,
1972,0.15159002161777396,10,38,1934,2020,119320,232041,427877,0.15587770740710558,155525,119320,0.08339085374986203,76516,1153,15,3,1171,427877,0.08339085374986203,155525,15,1138,1153,0.15159002161777396,1171,1972,3,38,10,1138,2020,1934,0.15587770740710558,232041,76516,
1972,0.15159002161777396,10,38,1934,2020,119320,232041,427877,0.15587770740710558,155525,119320,0.08339085374986203,76516,1153,15,3,1171,427877,0.08339085374986203,155525,15,1138,1153,0.15159002161777396,1171,1972,3,38,10,1138,2020,1934,0.15587770740710558,232041,76516,
1972,0.15159002161777396,10,38,1934,2020,119320,232041,427877,0.15587770740710558,155525,119320,0.08339085374986203,76516,1153,15,3,1171,427877,0.08339085374986203,155525,15,1138,1153,0.15159002161777396,1171,1972,3,38,10,1138,2020,1934,0.15587770740710558,232041,76516,
1972,0.15159002161777396,10,38,1934,2020,119320,232041,427877,0.15587770740710558,155525,119320,0.08339085374986203,76516,1153,15,3,1171,427877,0.08339085374986203,155525,15,1138,1153,0.15159002161777396,1171,1972,3,38,10,1138,2020,1934,0.15587770740710558,232041,76516,
1972,0.15159002161777396,10,38,1934,2020,119320,232041,427877,0.15587770740710558,155525,119320,0.08339085374986203,76516,1153,15,3,1171,427877,0.08339085374986203,155525,15,1138,1153,0.15159002161777396,1171,1972,3,38,10,1138,2020,1934,0.15587770740710558,232041,76516,
1972,0.15159002161777396,10,38,1934,2020,119320,232041,427877,0.15587770740710558,155525,119320,0.08339085374986203,76516,1153,15,3,1171,427877,0.08339085374986203,155525,15,1138,1153,0.15159002161777396,1171,1972,3,38,10,1138,2020,1934,0.15587770740710558,232041,76516,
1972,0.00436442989634479,10,38,1934,2020,119320,232041,427877,0.15587770740710558,155525,119320,0.08339085374986203,76516,1,1,6,8,427877,0.08339085374986203,155525,1,0,1,0.00436442989634479,8,1972,6,38,10,0,2020,1934,0.15587770740710558,232041,76516,
1097,0.22570371622256022,65,139,958,1301,119320,232041,427877,0.08574638031880223,155525,119320,0.08339085374986203,76516,159,15,0,174,427877,0.08339085374986203,155525,15,144,159,0.22570371622256022,174,1097,0,139,65,144,1301,958,0.08574638031880223,232041,76516,
1097,0.13523289097059588,65,139,958,1301,119320,232041,427877,0.08574638031880223,155525,119320,0.08339085374986203,76516,19,8,0,27,427877,0.08339085374986203,155525,8,11,19,0.13523289097059588,27,1097,0,139,65,11,1301,958,0.08574638031880223,232041,76516,
1097,0.13523289097059588,65,139,958,1301,119320,232041,427877,0.08574638031880223,155525,119320,0.08339085374986203,76516,19,8,0,27,427877,0.08339085374986203,155525,8,11,19,0.13523289097059588,27,1097,0,139,65,11,1301,958,0.08574638031880223,232041,76516,
1097,0.05167082811852668,65,139,958,1301,119320,232041,427877,0.08574638031880223,155525,119320,0.08339085374986203,76516,117,4,1,122,427877,0.08339085374986203,155525,4,113,117,0.05167082811852668,122,1097,1,139,65,113,1301,958,0.08574638031880223,232041,76516,
1097,0.11125513466649609,65,139,958,1301,119320,232041,427877,0.08574638031880223,155525,119320,0.08339085374986203,76516,667,79,32,778,427877,0.08339085374986203,155525,79,588,667,0.11125513466649609,778,1097,32,139,65,588,1301,958,0.08574638031880223,232041,76516,
1097,0.11125513466649609,65,139,958,1301,119320,232041,427877,0.08574638031880223,155525,119320,0.08339085374986203,76516,667,79,32,778,427877,0.08339085374986203,155525,79,588,667,0.11125513466649609,778,1097,32,139,65,588,1301,958,0.08574638031880223,232041,76516,
1097,0.11125513466649609,65,139,958,1301,119320,232041,427877,0.08574638031880223,155525,119320,0.08339085374986203,76516,667,79,32,778,427877,0.08339085374986203,155525,79,588,667,0.11125513466649609,778,1097,32,139,65,588,1301,958,0.08574638031880223,232041,76516,
1097,0.05032240440816205,65,139,958,1301,119320,232041,427877,0.08574638031880223,155525,119320,0.08339085374986203,76516,82,13,16,111,427877,0.08339085374986203,155525,13,69,82,0.05032240440816205,111,1097,16,139,65,69,1301,958,0.08574638031880223,232041,76516,
1097,0.05032240440816205,65,139,958,1301,119320,232041,427877,0.08574638031880223,155525,119320,0.08339085374986203,76516,82,13,16,111,427877,0.08339085374986203,155525,13,69,82,0.05032240440816205,111,1097,16,139,65,69,1301,958,0.08574638031880223,232041,76516,
1097,0.05032240440816205,65,139,958,1301,119320,232041,427877,0.08574638031880223,155525,119320,0.08339085374986203,76516,82,13,16,111,427877,0.08339085374986203,155525,13,69,82,0.05032240440816205,111,1097,16,139,65,69,1301,958,0.08574638031880223,232041,76516,
1097,0.012096978374014251,65,139,958,1301,119320,232041,427877,0.08574638031880223,155525,119320,0.08339085374986203,76516,4,8,16,28,427877,0.08339085374986203,155525,8,-4,4,0.012096978374014251,28,1097,16,139,65,-4,1301,958,0.08574638031880223,232041,76516,
1097,0.05032240440816205,65,139,958,1301,119320,232041,427877,0.08574638031880223,155525,119320,0.08339085374986203,76516,82,13,16,111,427877,0.08339085374986203,155525,13,69,82,0.05032240440816205,111,1097,16,139,65,69,1301,958,0.08574638031880223,232041,76516,
1097,0.05032240440816205,65,139,958,1301,119320,232041,427877,0.08574638031880223,155525,119320,0.08339085374986203,76516,82,13,16,111,427877,0.08339085374986203,155525,13,69,82,0.05032240440816205,111,1097,16,139,65,69,1301,958,0.08574638031880223,232041,76516,
1097,0.05032240440816205,65,139,958,1301,119320,232041,427877,0.08574638031880223,155525,119320,0.08339085374986203,76516,82,13,16,111,427877,0.08339085374986203,155525,13,69,82,0.05032240440816205,111,1097,16,139,65,69,1301,958,0.08574638031880223,232041,76516,
1097,0.013942709471260396,65,139,958,1301,119320,232041,427877,0.08574638031880223,155525,119320,0.08339085374986203,76516,49,12,0,61,427877,0.08339085374986203,155525,12,37,49,0.013942709471260396,61,1097,0,139,65,37,1301,958,0.08574638031880223,232041,76516,
1097,0.013942709471260396,65,139,958,1301,119320,232041,427877,0.08574638031880223,155525,119320,0.08339085374986203,76516,49,12,0,61,427877,0.08339085374986203,155525,12,37,49,0.013942709471260396,61,1097,0,139,65,37,1301,958,0.08574638031880223,232041,76516,
1097,0.013942709471260396,65,139,958,1301,119320,232041,427877,0.08574638031880223,155525,119320,0.08339085374986203,76516,49,12,0,61,427877,0.08339085374986203,155525,12,37,49,0.013942709471260396,61,1097,0,139,65,37,1301,958,0.08574638031880223,232041,76516,
1097,0.013942709471260396,65,139,958,1301,119320,232041,427877,0.08574638031880223,155525,119320,0.08339085374986203,76516,49,12,0,61,427877,0.08339085374986203,155525,12,37,49,0.013942709471260396,61,1097,0,139,65,37,1301,958,0.08574638031880223,232041,76516,
1097,0.013942709471260396,65,139,958,1301,119320,232041,427877,0.08574638031880223,155525,119320,0.08339085374986203,76516,49,12,0,61,427877,0.08339085374986203,155525,12,37,49,0.013942709471260396,61,1097,0,139,65,37,1301,958,0.08574638031880223,232041,76516,
1097,0.013942709471260396,65,139,958,1301,119320,232041,427877,0.08574638031880223,155525,119320,0.08339085374986203,76516,49,12,0,61,427877,0.08339085374986203,155525,12,37,49,0.013942709471260396,61,1097,0,139,65,37,1301,958,0.08574638031880223,232041,76516,
1097,0.013942709471260396,65,139,958,1301,119320,232041,427877,0.08574638031880223,155525,119320,0.08339085374986203,76516,49,12,0,61,427877,0.08339085374986203,155525,12,37,49,0.013942709471260396,61,1097,0,139,65,37,1301,958,0.08574638031880223,232041,76516,
1097,0.012096978374014251,65,139,958,1301,119320,232041,427877,0.08574638031880223,155525,119320,0.08339085374986203,76516,4,8,16,28,427877,0.08339085374986203,155525,8,-4,4,0.012096978374014251,28,1097,16,139,65,-4,1301,958,0.08574638031880223,232041,76516,
1210,0.1513637828519166,39,249,961,1498,119320,232041,427877,0.16303073460192366,155525,119320,0.08339085374986203,76516,1038,210,20,1268,427877,0.08339085374986203,155525,210,828,1038,0.1513637828519166,1268,1210,20,249,39,828,1498,961,0.16303073460192366,232041,76516,
1210,0.1513637828519166,39,249,961,1498,119320,232041,427877,0.16303073460192366,155525,119320,0.08339085374986203,76516,1038,210,20,1268,427877,0.08339085374986203,155525,210,828,1038,0.1513637828519166,1268,1210,20,249,39,828,1498,961,0.16303073460192366,232041,76516,
1210,0.1513637828519166,39,249,961,1498,119320,232041,427877,0.16303073460192366,155525,119320,0.08339085374986203,76516,1038,210,20,1268,427877,0.08339085374986203,155525,210,828,1038,0.1513637828519166,1268,1210,20,249,39,828,1498,961,0.16303073460192366,232041,76516,
1210,0.1513637828519166,39,249,961,1498,119320,232041,427877,0.16303073460192366,155525,119320,0.08339085374986203,76516,1038,210,20,1268,427877,0.08339085374986203,155525,210,828,1038,0.1513637828519166,1268,1210,20,249,39,828,1498,961,0.16303073460192366,232041,76516,
1210,0.1513637828519166,39,249,961,1498,119320,232041,427877,0.16303073460192366,155525,119320,0.08339085374986203,76516,1038,210,20,1268,427877,0.08339085374986203,155525,210,828,1038,0.1513637828519166,1268,1210,20,249,39,828,1498,961,0.16303073460192366,232041,76516,
1210,0.1513637828519166,39,249,961,1498,119320,232041,427877,0.16303073460192366,155525,119320,0.08339085374986203,76516,1038,210,20,1268,427877,0.08339085374986203,155525,210,828,1038,0.1513637828519166,1268,1210,20,249,39,828,1498,961,0.16303073460192366,232041,76516,
54,0.3120667935639295,2,915,-861,971,119320,232041,427877,0.15603339678196476,155525,119320,0.08339085374986203,76516,54,915,2,971,427877,0.08339085374986203,155525,915,-861,54,0.3120667935639295,971,54,2,915,2,-861,971,-861,0.15603339678196476,232041,76516,
54,0.3120667935639295,2,915,-861,971,119320,232041,427877,0.15603339678196476,155525,119320,0.08339085374986203,76516,54,915,2,971,427877,0.08339085374986203,155525,915,-861,54,0.3120667935639295,971,54,2,915,2,-861,971,-861,0.15603339678196476,232041,76516,
5045,0.11158451589536142,77,2120,2925,7242,119320,232041,427877,0.04352102263979371,155525,119320,0.08339085374986203,76516,25,48,5,78,427877,0.08339085374986203,155525,48,-23,25,0.11158451589536142,78,5045,5,2120,77,-23,7242,2925,0.04352102263979371,232041,76516,
5045,0.03235112960254609,77,2120,2925,7242,119320,232041,427877,0.04352102263979371,155525,119320,0.08339085374986203,76516,14,21,1,36,427877,0.08339085374986203,155525,21,-7,14,0.03235112960254609,36,5045,1,2120,77,-7,7242,2925,0.04352102263979371,232041,76516,
5045,0.03235112960254609,77,2120,2925,7242,119320,232041,427877,0.04352102263979371,155525,119320,0.08339085374986203,76516,14,21,1,36,427877,0.08339085374986203,155525,21,-7,14,0.03235112960254609,36,5045,1,2120,77,-7,7242,2925,0.04352102263979371,232041,76516,
5045,0.18213087178437704,77,2120,2925,7242,119320,232041,427877,0.04352102263979371,155525,119320,0.08339085374986203,76516,23,44,0,67,427877,0.08339085374986203,155525,44,-21,23,0.18213087178437704,67,5045,0,2120,77,-21,7242,2925,0.04352102263979371,232041,76516,
5045,0.18213087178437704,77,2120,2925,7242,119320,232041,427877,0.04352102263979371,155525,119320,0.08339085374986203,76516,23,44,0,67,427877,0.08339085374986203,155525,44,-21,23,0.18213087178437704,67,5045,0,2120,77,-21,7242,2925,0.04352102263979371,232041,76516,
5045,0.12394610174430447,77,2120,2925,7242,119320,232041,427877,0.04352102263979371,155525,119320,0.08339085374986203,76516,315,97,0,412,427877,0.08339085374986203,155525,97,218,315,0.12394610174430447,412,5045,0,2120,77,218,7242,2925,0.04352102263979371,232041,76516,
5045,0.12394610174430447,77,2120,2925,7242,119320,232041,427877,0.04352102263979371,155525,119320,0.08339085374986203,76516,315,97,0,412,427877,0.08339085374986203,155525,97,218,315,0.12394610174430447,412,5045,0,2120,77,218,7242,2925,0.04352102263979371,232041,76516,
5045,0.050469846225056736,77,2120,2925,7242,119320,232041,427877,0.04352102263979371,155525,119320,0.08339085374986203,76516,312,39,0,351,427877,0.08339085374986203,155525,39,273,312,0.050469846225056736,351,5045,0,2120,77,273,7242,2925,0.04352102263979371,232041,76516,
5045,0.050469846225056736,77,2120,2925,7242,119320,232041,427877,0.04352102263979371,155525,119320,0.08339085374986203,76516,312,39,0,351,427877,0.08339085374986203,155525,39,273,312,0.050469846225056736,351,5045,0,2120,77,273,7242,2925,0.04352102263979371,232041,76516,
5045,0.050469846225056736,77,2120,2925,7242,119320,232041,427877,0.04352102263979371,155525,119320,0.08339085374986203,76516,312,39,0,351,427877,0.08339085374986203,155525,39,273,312,0.050469846225056736,351,5045,0,2120,77,273,7242,2925,0.04352102263979371,232041,76516,
5045,0.050469846225056736,77,2120,2925,7242,119320,232041,427877,0.04352102263979371,155525,119320,0.08339085374986203,76516,312,39,0,351,427877,0.08339085374986203,155525,39,273,312,0.050469846225056736,351,5045,0,2120,77,273,7242,2925,0.04352102263979371,232041,76516,
5045,0.050469846225056736,77,2120,2925,7242,119320,232041,427877,0.04352102263979371,155525,119320,0.08339085374986203,76516,312,39,0,351,427877,0.08339085374986203,155525,39,273,312,0.050469846225056736,351,5045,0,2120,77,273,7242,2925,0.04352102263979371,232041,76516,
5045,0.050469846225056736,77,2120,2925,7242,119320,232041,427877,0.04352102263979371,155525,119320,0.08339085374986203,76516,312,39,0,351,427877,0.08339085374986203,155525,39,273,312,0.050469846225056736,351,5045,0,2120,77,273,7242,2925,0.04352102263979371,232041,76516,
5045,0.050469846225056736,77,2120,2925,7242,119320,232041,427877,0.04352102263979371,155525,119320,0.08339085374986203,76516,312,39,0,351,427877,0.08339085374986203,155525,39,273,312,0.050469846225056736,351,5045,0,2120,77,273,7242,2925,0.04352102263979371,232041,76516,
5045,0.050469846225056736,77,2120,2925,7242,119320,232041,427877,0.04352102263979371,155525,119320,0.08339085374986203,76516,312,39,0,351,427877,0.08339085374986203,155525,39,273,312,0.050469846225056736,351,5045,0,2120,77,273,7242,2925,0.04352102263979371,232041,76516,
5045,0.050469846225056736,77,2120,2925,7242,119320,232041,427877,0.04352102263979371,155525,119320,0.08339085374986203,76516,312,39,0,351,427877,0.08339085374986203,155525,39,273,312,0.050469846225056736,351,5045,0,2120,77,273,7242,2925,0.04352102263979371,232041,76516,
5045,0.050469846225056736,77,2120,2925,7242,119320,232041,427877,0.04352102263979371,155525,119320,0.08339085374986203,76516,312,39,0,351,427877,0.08339085374986203,155525,39,273,312,0.050469846225056736,351,5045,0,2120,77,273,7242,2925,0.04352102263979371,232041,76516,
5045,0.016270980800115815,77,2120,2925,7242,119320,232041,427877,0.04352102263979371,155525,119320,0.08339085374986203,76516,15,39,0,54,427877,0.08339085374986203,155525,39,-24,15,0.016270980800115815,54,5045,0,2120,77,-24,7242,2925,0.04352102263979371,232041,76516,
5045,0.015047281076646,77,2120,2925,7242,119320,232041,427877,0.04352102263979371,155525,119320,0.08339085374986203,76516,26,52,0,78,427877,0.08339085374986203,155525,52,-26,26,0.015047281076646,78,5045,0,2120,77,-26,7242,2925,0.04352102263979371,232041,76516,
5045,0.010345300477471692,77,2120,2925,7242,119320,232041,427877,0.04352102263979371,155525,119320,0.08339085374986203,76516,7,87,1,95,427877,0.08339085374986203,155525,87,-80,7,0.010345300477471692,95,5045,1,2120,77,-80,7242,2925,0.04352102263979371,232041,76516,
5045,0.010345300477471692,77,2120,2925,7242,119320,232041,427877,0.04352102263979371,155525,119320,0.08339085374986203,76516,7,87,1,95,427877,0.08339085374986203,155525,87,-80,7,0.010345300477471692,95,5045,1,2120,77,-80,7242,2925,0.04352102263979371,232041,76516,
5045,0.046892296642221186,77,2120,2925,7242,119320,232041,427877,0.04352102263979371,155525,119320,0.08339085374986203,76516,901,126,20,1047,427877,0.08339085374986203,155525,126,775,901,0.046892296642221186,1047,5045,20,2120,77,775,7242,2925,0.04352102263979371,232041,76516,
5045,0.046892296642221186,77,2120,2925,7242,119320,232041,427877,0.04352102263979371,155525,119320,0.08339085374986203,76516,901,126,20,1047,427877,0.08339085374986203,155525,126,775,901,0.046892296642221186,1047,5045,20,2120,77,775,7242,2925,0.04352102263979371,232041,76516,
5045,0.046892296642221186,77,2120,2925,7242,119320,232041,427877,0.04352102263979371,155525,119320,0.08339085374986203,76516,901,126,20,1047,427877,0.08339085374986203,155525,126,775,901,0.046892296642221186,1047,5045,20,2120,77,775,7242,2925,0.04352102263979371,232041,76516,
5045,0.11158451589536142,77,2120,2925,7242,119320,232041,427877,0.04352102263979371,155525,119320,0.08339085374986203,76516,25,48,5,78,427877,0.08339085374986203,155525,48,-23,25,0.11158451589536142,78,5045,5,2120,77,-23,7242,2925,0.04352102263979371,232041,76516,
5045,0.005840013481448789,77,2120,2925,7242,119320,232041,427877,0.04352102263979371,155525,119320,0.08339085374986203,76516,95,17,0,112,427877,0.08339085374986203,155525,17,78,95,0.005840013481448789,112,5045,0,2120,77,78,7242,2925,0.04352102263979371,232041,76516,
2541,0.165985101332247,1570,1186,1355,5297,119320,232041,427877,0.1281334371678426,155525,119320,0.08339085374986203,76516,218,103,449,770,427877,0.08339085374986203,155525,103,115,218,0.165985101332247,770,2541,449,1186,1570,115,5297,1355,0.1281334371678426,232041,76516,
2541,0.165985101332247,1570,1186,1355,5297,119320,232041,427877,0.1281334371678426,155525,119320,0.08339085374986203,76516,218,103,449,770,427877,0.08339085374986203,155525,103,115,218,0.165985101332247,770,2541,449,1186,1570,115,5297,1355,0.1281334371678426,232041,76516,
2541,0.165985101332247,1570,1186,1355,5297,119320,232041,427877,0.1281334371678426,155525,119320,0.08339085374986203,76516,218,103,449,770,427877,0.08339085374986203,155525,103,115,218,0.165985101332247,770,2541,449,1186,1570,115,5297,1355,0.1281334371678426,232041,76516,
2541,0.165985101332247,1570,1186,1355,5297,119320,232041,427877,0.1281334371678426,155525,119320,0.08339085374986203,76516,218,103,449,770,427877,0.08339085374986203,155525,103,115,218,0.165985101332247,770,2541,449,1186,1570,115,5297,1355,0.1281334371678426,232041,76516,
2541,0.06707002050040517,1570,1186,1355,5297,119320,232041,427877,0.1281334371678426,155525,119320,0.08339085374986203,76516,676,128,9,813,427877,0.08339085374986203,155525,128,548,676,0.06707002050040517,813,2541,9,1186,1570,548,5297,1355,0.1281334371678426,232041,76516,
2541,0.06707002050040517,1570,1186,1355,5297,119320,232041,427877,0.1281334371678426,155525,119320,0.08339085374986203,76516,676,128,9,813,427877,0.08339085374986203,155525,128,548,676,0.06707002050040517,813,2541,9,1186,1570,548,5297,1355,0.1281334371678426,232041,76516,
2541,0.06707002050040517,1570,1186,1355,5297,119320,232041,427877,0.1281334371678426,155525,119320,0.08339085374986203,76516,676,128,9,813,427877,0.08339085374986203,155525,128,548,676,0.06707002050040517,813,2541,9,1186,1570,548,5297,1355,0.1281334371678426,232041,76516,
2541,0.06182919946764473,1570,1186,1355,5297,119320,232041,427877,0.1281334371678426,155525,119320,0.08339085374986203,76516,690,75,13,778,427877,0.08339085374986203,155525,75,615,690,0.06182919946764473,778,2541,13,1186,1570,615,5297,1355,0.1281334371678426,232041,76516,
2541,0.06182919946764473,1570,1186,1355,5297,119320,232041,427877,0.1281334371678426,155525,119320,0.08339085374986203,76516,690,75,13,778,427877,0.08339085374986203,155525,75,615,690,0.06182919946764473,778,2541,13,1186,1570,615,5297,1355,0.1281334371678426,232041,76516,
2541,0.06182919946764473,1570,1186,1355,5297,119320,232041,427877,0.1281334371678426,155525,119320,0.08339085374986203,76516,690,75,13,778,427877,0.08339085374986203,155525,75,615,690,0.06182919946764473,778,2541,13,1186,1570,615,5297,1355,0.1281334371678426,232041,76516,
2541,0.0813701546713693,1570,1186,1355,5297,119320,232041,427877,0.1281334371678426,155525,119320,0.08339085374986203,76516,49,49,557,655,427877,0.08339085374986203,155525,49,0,49,0.0813701546713693,655,2541,557,1186,1570,0,5297,1355,0.1281334371678426,232041,76516,
2541,0.0813701546713693,1570,1186,1355,5297,119320,232041,427877,0.1281334371678426,155525,119320,0.08339085374986203,76516,49,49,557,655,427877,0.08339085374986203,155525,49,0,49,0.0813701546713693,655,2541,557,1186,1570,0,5297,1355,0.1281334371678426,232041,76516,
2541,0.0813701546713693,1570,1186,1355,5297,119320,232041,427877,0.1281334371678426,155525,119320,0.08339085374986203,76516,49,49,557,655,427877,0.08339085374986203,155525,49,0,49,0.0813701546713693,655,2541,557,1186,1570,0,5297,1355,0.1281334371678426,232041,76516,
2541,0.0813701546713693,1570,1186,1355,5297,119320,232041,427877,0.1281334371678426,155525,119320,0.08339085374986203,76516,49,49,557,655,427877,0.08339085374986203,155525,49,0,49,0.0813701546713693,655,2541,557,1186,1570,0,5297,1355,0.1281334371678426,232041,76516,
2541,0.0813701546713693,1570,1186,1355,5297,119320,232041,427877,0.1281334371678426,155525,119320,0.08339085374986203,76516,49,49,557,655,427877,0.08339085374986203,155525,49,0,49,0.0813701546713693,655,2541,557,1186,1570,0,5297,1355,0.1281334371678426,232041,76516,
2541,0.0813701546713693,1570,1186,1355,5297,119320,232041,427877,0.1281334371678426,155525,119320,0.08339085374986203,76516,49,49,557,655,427877,0.08339085374986203,155525,49,0,49,0.0813701546713693,655,2541,557,1186,1570,0,5297,1355,0.1281334371678426,232041,76516,
2541,0.0813701546713693,1570,1186,1355,5297,119320,232041,427877,0.1281334371678426,155525,119320,0.08339085374986203,76516,49,49,557,655,427877,0.08339085374986203,155525,49,0,49,0.0813701546713693,655,2541,557,1186,1570,0,5297,1355,0.1281334371678426,232041,76516,
2541,0.0813701546713693,1570,1186,1355,5297,119320,232041,427877,0.1281334371678426,155525,119320,0.08339085374986203,76516,49,49,557,655,427877,0.08339085374986203,155525,49,0,49,0.0813701546713693,655,2541,557,1186,1570,0,5297,1355,0.1281334371678426,232041,76516,
2541,0.0813701546713693,1570,1186,1355,5297,119320,232041,427877,0.1281334371678426,155525,119320,0.08339085374986203,76516,49,49,557,655,427877,0.08339085374986203,155525,49,0,49,0.0813701546713693,655,2541,557,1186,1570,0,5297,1355,0.1281334371678426,232041,76516,
2541,0.0813701546713693,1570,1186,1355,5297,119320,232041,427877,0.1281334371678426,155525,119320,0.08339085374986203,76516,49,49,557,655,427877,0.08339085374986203,155525,49,0,49,0.0813701546713693,655,2541,557,1186,1570,0,5297,1355,0.1281334371678426,232041,76516,
2541,0.0813701546713693,1570,1186,1355,5297,119320,232041,427877,0.1281334371678426,155525,119320,0.08339085374986203,76516,49,49,557,655,427877,0.08339085374986203,155525,49,0,49,0.0813701546713693,655,2541,557,1186,1570,0,5297,1355,0.1281334371678426,232041,76516,
2541,0.0813701546713693,1570,1186,1355,5297,119320,232041,427877,0.1281334371678426,155525,119320,0.08339085374986203,76516,49,49,557,655,427877,0.08339085374986203,155525,49,0,49,0.0813701546713693,655,2541,557,1186,1570,0,5297,1355,0.1281334371678426,232041,76516,
2541,0.0813701546713693,1570,1186,1355,5297,119320,232041,427877,0.1281334371678426,155525,119320,0.08339085374986203,76516,49,49,557,655,427877,0.08339085374986203,155525,49,0,49,0.0813701546713693,655,2541,557,1186,1570,0,5297,1355,0.1281334371678426,232041,76516,
2541,0.0813701546713693,1570,1186,1355,5297,119320,232041,427877,0.1281334371678426,155525,119320,0.08339085374986203,76516,49,49,557,655,427877,0.08339085374986203,155525,49,0,49,0.0813701546713693,655,2541,557,1186,1570,0,5297,1355,0.1281334371678426,232041,76516,
2541,0.0813701546713693,1570,1186,1355,5297,119320,232041,427877,0.1281334371678426,155525,119320,0.08339085374986203,76516,49,49,557,655,427877,0.08339085374986203,155525,49,0,49,0.0813701546713693,655,2541,557,1186,1570,0,5297,1355,0.1281334371678426,232041,76516,
2541,0.0813701546713693,1570,1186,1355,5297,119320,232041,427877,0.1281334371678426,155525,119320,0.08339085374986203,76516,49,49,557,655,427877,0.08339085374986203,155525,49,0,49,0.0813701546713693,655,2541,557,1186,1570,0,5297,1355,0.1281334371678426,232041,76516,
2541,0.0813701546713693,1570,1186,1355,5297,119320,232041,427877,0.1281334371678426,155525,119320,0.08339085374986203,76516,49,49,557,655,427877,0.08339085374986203,155525,49,0,49,0.0813701546713693,655,2541,557,1186,1570,0,5297,1355,0.1281334371678426,232041,76516,
2541,0.0813701546713693,1570,1186,1355,5297,119320,232041,427877,0.1281334371678426,155525,119320,0.08339085374986203,76516,49,49,557,655,427877,0.08339085374986203,155525,49,0,49,0.0813701546713693,655,2541,557,1186,1570,0,5297,1355,0.1281334371678426,232041,76516,
2541,0.0813701546713693,1570,1186,1355,5297,119320,232041,427877,0.1281334371678426,155525,119320,0.08339085374986203,76516,49,49,557,655,427877,0.08339085374986203,155525,49,0,49,0.0813701546713693,655,2541,557,1186,1570,0,5297,1355,0.1281334371678426,232041,76516,
2541,0.0813701546713693,1570,1186,1355,5297,119320,232041,427877,0.1281334371678426,155525,119320,0.08339085374986203,76516,49,49,557,655,427877,0.08339085374986203,155525,49,0,49,0.0813701546713693,655,2541,557,1186,1570,0,5297,1355,0.1281334371678426,232041,76516,
2541,0.0813701546713693,1570,1186,1355,5297,119320,232041,427877,0.1281334371678426,155525,119320,0.08339085374986203,76516,49,49,557,655,427877,0.08339085374986203,155525,49,0,49,0.0813701546713693,655,2541,557,1186,1570,0,5297,1355,0.1281334371678426,232041,76516,
2541,0.0813701546713693,1570,1186,1355,5297,119320,232041,427877,0.1281334371678426,155525,119320,0.08339085374986203,76516,49,49,557,655,427877,0.08339085374986203,155525,49,0,49,0.0813701546713693,655,2541,557,1186,1570,0,5297,1355,0.1281334371678426,232041,76516,
2541,0.04783797667618526,1570,1186,1355,5297,119320,232041,427877,0.1281334371678426,155525,119320,0.08339085374986203,76516,51,29,129,209,427877,0.08339085374986203,155525,29,22,51,0.04783797667618526,209,2541,129,1186,1570,22,5297,1355,0.1281334371678426,232041,76516,
2541,0.04783797667618526,1570,1186,1355,5297,119320,232041,427877,0.1281334371678426,155525,119320,0.08339085374986203,76516,51,29,129,209,427877,0.08339085374986203,155525,29,22,51,0.04783797667618526,209,2541,129,1186,1570,22,5297,1355,0.1281334371678426,232041,76516,
2541,0.04783797667618526,1570,1186,1355,5297,119320,232041,427877,0.1281334371678426,155525,119320,0.08339085374986203,76516,51,29,129,209,427877,0.08339085374986203,155525,29,22,51,0.04783797667618526,209,2541,129,1186,1570,22,5297,1355,0.1281334371678426,232041,76516,
2541,0.04548636372213654,1570,1186,1355,5297,119320,232041,427877,0.1281334371678426,155525,119320,0.08339085374986203,76516,56,73,94,223,427877,0.08339085374986203,155525,73,-17,56,0.04548636372213654,223,2541,94,1186,1570,-17,5297,1355,0.1281334371678426,232041,76516,
120,0.20022909507445588,1,36,84,157,119320,232041,427877,0.17322040299421726,155525,119320,0.08339085374986203,76516,31,12,0,43,427877,0.08339085374986203,155525,12,19,31,0.20022909507445588,43,120,0,36,1,19,157,84,0.17322040299421726,232041,76516,
120,0.025913595389677392,1,36,84,157,119320,232041,427877,0.17322040299421726,155525,119320,0.08339085374986203,76516,76,1,0,77,427877,0.08339085374986203,155525,1,75,76,0.025913595389677392,77,120,0,36,1,75,157,84,0.17322040299421726,232041,76516,
130,0.009429963975418522,0,4,126,134,119320,232041,427877,0.2427156596712622,155525,119320,0.08339085374986203,76516,3,2,0,5,427877,0.08339085374986203,155525,2,1,3,0.009429963975418522,5,130,0,4,0,1,134,126,0.2427156596712622,232041,76516,
210,0.3592356987009984,0,86,124,296,119320,232041,427877,0.272031398229024,155525,119320,0.08339085374986203,76516,110,10,0,120,427877,0.08339085374986203,155525,10,100,110,0.3592356987009984,120,210,0,86,0,100,296,124,0.272031398229024,232041,76516,
333,0.19786096256684493,0,43,290,376,119320,232041,427877,0.13841892716394671,155525,119320,0.08339085374986203,76516,37,0,0,37,427877,0.08339085374986203,155525,0,37,37,0.19786096256684493,37,333,0,43,0,37,376,290,0.13841892716394671,232041,76516,
333,0.13286717657369973,0,43,290,376,119320,232041,427877,0.13841892716394671,155525,119320,0.08339085374986203,76516,118,2,0,120,427877,0.08339085374986203,155525,2,116,118,0.13286717657369973,120,333,0,43,0,116,376,290,0.13841892716394671,232041,76516,
333,0.13286717657369973,0,43,290,376,119320,232041,427877,0.13841892716394671,155525,119320,0.08339085374986203,76516,118,2,0,120,427877,0.08339085374986203,155525,2,116,118,0.13286717657369973,120,333,0,43,0,116,376,290,0.13841892716394671,232041,76516,
333,0.09598643154923742,0,43,290,376,119320,232041,427877,0.13841892716394671,155525,119320,0.08339085374986203,76516,53,2,0,55,427877,0.08339085374986203,155525,2,51,53,0.09598643154923742,55,333,0,43,0,51,376,290,0.13841892716394671,232041,76516,
333,0.09598643154923742,0,43,290,376,119320,232041,427877,0.13841892716394671,155525,119320,0.08339085374986203,76516,53,2,0,55,427877,0.08339085374986203,155525,2,51,53,0.09598643154923742,55,333,0,43,0,51,376,290,0.13841892716394671,232041,76516,
4112,0.01,48,119,3993,4279,119320,232041,427877,0.04429603995539154,155525,119320,0.08339085374986203,76516,0,1,0,1,427877,0.08339085374986203,155525,1,-1,0,0.01,1,4112,0,119,48,-1,4279,3993,0.04429603995539154,232041,76516,
4112,0.01,48,119,3993,4279,119320,232041,427877,0.04429603995539154,155525,119320,0.08339085374986203,76516,0,1,0,1,427877,0.08339085374986203,155525,1,-1,0,0.01,1,4112,0,119,48,-1,4279,3993,0.04429603995539154,232041,76516,
4112,0.00641025641025641,48,119,3993,4279,119320,232041,427877,0.04429603995539154,155525,119320,0.08339085374986203,76516,0,1,0,1,427877,0.08339085374986203,155525,1,-1,0,0.00641025641025641,1,4112,0,119,48,-1,4279,3993,0.04429603995539154,232041,76516,
4112,0.00641025641025641,48,119,3993,4279,119320,232041,427877,0.04429603995539154,155525,119320,0.08339085374986203,76516,0,1,0,1,427877,0.08339085374986203,155525,1,-1,0,0.00641025641025641,1,4112,0,119,48,-1,4279,3993,0.04429603995539154,232041,76516,
4112,0.00641025641025641,48,119,3993,4279,119320,232041,427877,0.04429603995539154,155525,119320,0.08339085374986203,76516,0,1,0,1,427877,0.08339085374986203,155525,1,-1,0,0.00641025641025641,1,4112,0,119,48,-1,4279,3993,0.04429603995539154,232041,76516,
4112,0.00641025641025641,48,119,3993,4279,119320,232041,427877,0.04429603995539154,155525,119320,0.08339085374986203,76516,0,1,0,1,427877,0.08339085374986203,155525,1,-1,0,0.00641025641025641,1,4112,0,119,48,-1,4279,3993,0.04429603995539154,232041,76516,
4112,0.00641025641025641,48,119,3993,4279,119320,232041,427877,0.04429603995539154,155525,119320,0.08339085374986203,76516,0,1,0,1,427877,0.08339085374986203,155525,1,-1,0,0.00641025641025641,1,4112,0,119,48,-1,4279,3993,0.04429603995539154,232041,76516,
4112,0.00641025641025641,48,119,3993,4279,119320,232041,427877,0.04429603995539154,155525,119320,0.08339085374986203,76516,0,1,0,1,427877,0.08339085374986203,155525,1,-1,0,0.00641025641025641,1,4112,0,119,48,-1,4279,3993,0.04429603995539154,232041,76516,
4112,0.00641025641025641,48,119,3993,4279,119320,232041,427877,0.04429603995539154,155525,119320,0.08339085374986203,76516,0,1,0,1,427877,0.08339085374986203,155525,1,-1,0,0.00641025641025641,1,4112,0,119,48,-1,4279,3993,0.04429603995539154,232041,76516,
4112,0.00641025641025641,48,119,3993,4279,119320,232041,427877,0.04429603995539154,155525,119320,0.08339085374986203,76516,0,1,0,1,427877,0.08339085374986203,155525,1,-1,0,0.00641025641025641,1,4112,0,119,48,-1,4279,3993,0.04429603995539154,232041,76516,
4112,0.16139677473303707,48,119,3993,4279,119320,232041,427877,0.04429603995539154,155525,119320,0.08339085374986203,76516,125,5,0,130,427877,0.08339085374986203,155525,5,120,125,0.16139677473303707,130,4112,0,119,48,120,4279,3993,0.04429603995539154,232041,76516,
4112,0.02631578947368421,48,119,3993,4279,119320,232041,427877,0.04429603995539154,155525,119320,0.08339085374986203,76516,3,3,0,6,427877,0.08339085374986203,155525,3,0,3,0.02631578947368421,6,4112,0,119,48,0,4279,3993,0.04429603995539154,232041,76516,
4112,0.02631578947368421,48,119,3993,4279,119320,232041,427877,0.04429603995539154,155525,119320,0.08339085374986203,76516,3,3,0,6,427877,0.08339085374986203,155525,3,0,3,0.02631578947368421,6,4112,0,119,48,0,4279,3993,0.04429603995539154,232041,76516,
4112,0.004273504273504274,48,119,3993,4279,119320,232041,427877,0.04429603995539154,155525,119320,0.08339085374986203,76516,0,1,0,1,427877,0.08339085374986203,155525,1,-1,0,0.004273504273504274,1,4112,0,119,48,-1,4279,3993,0.04429603995539154,232041,76516,
4112,0.004273504273504274,48,119,3993,4279,119320,232041,427877,0.04429603995539154,155525,119320,0.08339085374986203,76516,0,1,0,1,427877,0.08339085374986203,155525,1,-1,0,0.004273504273504274,1,4112,0,119,48,-1,4279,3993,0.04429603995539154,232041,76516,
4112,0.004273504273504274,48,119,3993,4279,119320,232041,427877,0.04429603995539154,155525,119320,0.08339085374986203,76516,0,1,0,1,427877,0.08339085374986203,155525,1,-1,0,0.004273504273504274,1,4112,0,119,48,-1,4279,3993,0.04429603995539154,232041,76516,
4112,0.004032258064516129,48,119,3993,4279,119320,232041,427877,0.04429603995539154,155525,119320,0.08339085374986203,76516,0,1,0,1,427877,0.08339085374986203,155525,1,-1,0,0.004032258064516129,1,4112,0,119,48,-1,4279,3993,0.04429603995539154,232041,76516,
4112,0.004032258064516129,48,119,3993,4279,119320,232041,427877,0.04429603995539154,155525,119320,0.08339085374986203,76516,0,1,0,1,427877,0.08339085374986203,155525,1,-1,0,0.004032258064516129,1,4112,0,119,48,-1,4279,3993,0.04429603995539154,232041,76516,
4178,0.1470720937580896,655,733,3445,5566,119320,232041,427877,0.03675542711057661,155525,119320,0.08339085374986203,76516,86,61,0,147,427877,0.08339085374986203,155525,61,25,86,0.1470720937580896,147,4178,0,733,655,25,5566,3445,0.03675542711057661,232041,76516,
4178,0.1470720937580896,655,733,3445,5566,119320,232041,427877,0.03675542711057661,155525,119320,0.08339085374986203,76516,86,61,0,147,427877,0.08339085374986203,155525,61,25,86,0.1470720937580896,147,4178,0,733,655,25,5566,3445,0.03675542711057661,232041,76516,
4178,0.11876405378267631,655,733,3445,5566,119320,232041,427877,0.03675542711057661,155525,119320,0.08339085374986203,76516,2382,160,70,2612,427877,0.08339085374986203,155525,160,2222,2382,0.11876405378267631,2612,4178,70,733,655,2222,5566,3445,0.03675542711057661,232041,76516,
4178,0.11876405378267631,655,733,3445,5566,119320,232041,427877,0.03675542711057661,155525,119320,0.08339085374986203,76516,2382,160,70,2612,427877,0.08339085374986203,155525,160,2222,2382,0.11876405378267631,2612,4178,70,733,655,2222,5566,3445,0.03675542711057661,232041,76516,
4178,0.11876405378267631,655,733,3445,5566,119320,232041,427877,0.03675542711057661,155525,119320,0.08339085374986203,76516,2382,160,70,2612,427877,0.08339085374986203,155525,160,2222,2382,0.11876405378267631,2612,4178,70,733,655,2222,5566,3445,0.03675542711057661,232041,76516,
7418,0.04045718489961915,4881,2321,5097,14620,119320,232041,427877,0.07008865840432318,155525,119320,0.08339085374986203,76516,74,5,0,79,427877,0.08339085374986203,155525,5,69,74,0.04045718489961915,79,7418,0,2321,4881,69,14620,5097,0.07008865840432318,232041,76516,
1965,0.15092245754088426,1283,998,967,4246,119320,232041,427877,0.1575479014157667,155525,119320,0.08339085374986203,76516,174,257,472,903,427877,0.08339085374986203,155525,257,-83,174,0.15092245754088426,903,1965,472,998,1283,-83,4246,967,0.1575479014157667,232041,76516,
1965,0.06805966316431021,1283,998,967,4246,119320,232041,427877,0.1575479014157667,155525,119320,0.08339085374986203,76516,22,21,168,211,427877,0.08339085374986203,155525,21,1,22,0.06805966316431021,211,1965,168,998,1283,1,4246,967,0.1575479014157667,232041,76516,
1965,0.06805966316431021,1283,998,967,4246,119320,232041,427877,0.1575479014157667,155525,119320,0.08339085374986203,76516,22,21,168,211,427877,0.08339085374986203,155525,21,1,22,0.06805966316431021,211,1965,168,998,1283,1,4246,967,0.1575479014157667,232041,76516,
1965,0.16067402380681708,1283,998,967,4246,119320,232041,427877,0.1575479014157667,155525,119320,0.08339085374986203,76516,882,235,38,1155,427877,0.08339085374986203,155525,235,647,882,0.16067402380681708,1155,1965,38,998,1283,647,4246,967,0.1575479014157667,232041,76516,
1965,0.16067402380681708,1283,998,967,4246,119320,232041,427877,0.1575479014157667,155525,119320,0.08339085374986203,76516,882,235,38,1155,427877,0.08339085374986203,155525,235,647,882,0.16067402380681708,1155,1965,38,998,1283,647,4246,967,0.1575479014157667,232041,76516,
3439,0.27148783025958256,224,989,2450,4652,119320,232041,427877,0.07734567999977478,155525,119320,0.08339085374986203,76516,279,5,0,284,427877,0.08339085374986203,155525,5,274,279,0.27148783025958256,284,3439,0,989,224,274,4652,2450,0.07734567999977478,232041,76516,
3439,0.0659298552881395,224,989,2450,4652,119320,232041,427877,0.07734567999977478,155525,119320,0.08339085374986203,76516,231,27,4,262,427877,0.08339085374986203,155525,27,204,231,0.0659298552881395,262,3439,4,989,224,204,4652,2450,0.07734567999977478,232041,76516,
3439,0.0659298552881395,224,989,2450,4652,119320,232041,427877,0.07734567999977478,155525,119320,0.08339085374986203,76516,231,27,4,262,427877,0.08339085374986203,155525,27,204,231,0.0659298552881395,262,3439,4,989,224,204,4652,2450,0.07734567999977478,232041,76516,
3439,0.2015127251935173,224,989,2450,4652,119320,232041,427877,0.07734567999977478,155525,119320,0.08339085374986203,76516,1513,382,71,1966,427877,0.08339085374986203,155525,382,1131,1513,0.2015127251935173,1966,3439,71,989,224,1131,4652,2450,0.07734567999977478,232041,76516,
3439,0.2015127251935173,224,989,2450,4652,119320,232041,427877,0.07734567999977478,155525,119320,0.08339085374986203,76516,1513,382,71,1966,427877,0.08339085374986203,155525,382,1131,1513,0.2015127251935173,1966,3439,71,989,224,1131,4652,2450,0.07734567999977478,232041,76516,
3439,0.2015127251935173,224,989,2450,4652,119320,232041,427877,0.07734567999977478,155525,119320,0.08339085374986203,76516,1513,382,71,1966,427877,0.08339085374986203,155525,382,1131,1513,0.2015127251935173,1966,3439,71,989,224,1131,4652,2450,0.07734567999977478,232041,76516,
3439,0.2015127251935173,224,989,2450,4652,119320,232041,427877,0.07734567999977478,155525,119320,0.08339085374986203,76516,1513,382,71,1966,427877,0.08339085374986203,155525,382,1131,1513,0.2015127251935173,1966,3439,71,989,224,1131,4652,2450,0.07734567999977478,232041,76516,
3439,0.2015127251935173,224,989,2450,4652,119320,232041,427877,0.07734567999977478,155525,119320,0.08339085374986203,76516,1513,382,71,1966,427877,0.08339085374986203,155525,382,1131,1513,0.2015127251935173,1966,3439,71,989,224,1131,4652,2450,0.07734567999977478,232041,76516,
3439,0.2015127251935173,224,989,2450,4652,119320,232041,427877,0.07734567999977478,155525,119320,0.08339085374986203,76516,1513,382,71,1966,427877,0.08339085374986203,155525,382,1131,1513,0.2015127251935173,1966,3439,71,989,224,1131,4652,2450,0.07734567999977478,232041,76516,
3439,0.0507152662776198,224,989,2450,4652,119320,232041,427877,0.07734567999977478,155525,119320,0.08339085374986203,76516,477,359,49,885,427877,0.08339085374986203,155525,359,118,477,0.0507152662776198,885,3439,49,989,224,118,4652,2450,0.07734567999977478,232041,76516,
3439,0.0507152662776198,224,989,2450,4652,119320,232041,427877,0.07734567999977478,155525,119320,0.08339085374986203,76516,477,359,49,885,427877,0.08339085374986203,155525,359,118,477,0.0507152662776198,885,3439,49,989,224,118,4652,2450,0.07734567999977478,232041,76516,
3439,0.0507152662776198,224,989,2450,4652,119320,232041,427877,0.07734567999977478,155525,119320,0.08339085374986203,76516,477,359,49,885,427877,0.08339085374986203,155525,359,118,477,0.0507152662776198,885,3439,49,989,224,118,4652,2450,0.07734567999977478,232041,76516,
3439,0.0507152662776198,224,989,2450,4652,119320,232041,427877,0.07734567999977478,155525,119320,0.08339085374986203,76516,477,359,49,885,427877,0.08339085374986203,155525,359,118,477,0.0507152662776198,885,3439,49,989,224,118,4652,2450,0.07734567999977478,232041,76516,
3439,0.0507152662776198,224,989,2450,4652,119320,232041,427877,0.07734567999977478,155525,119320,0.08339085374986203,76516,477,359,49,885,427877,0.08339085374986203,155525,359,118,477,0.0507152662776198,885,3439,49,989,224,118,4652,2450,0.07734567999977478,232041,76516,
3439,0.0507152662776198,224,989,2450,4652,119320,232041,427877,0.07734567999977478,155525,119320,0.08339085374986203,76516,477,359,49,885,427877,0.08339085374986203,155525,359,118,477,0.0507152662776198,885,3439,49,989,224,118,4652,2450,0.07734567999977478,232041,76516,
3439,0.08994473754138105,224,989,2450,4652,119320,232041,427877,0.07734567999977478,155525,119320,0.08339085374986203,76516,46,49,6,101,427877,0.08339085374986203,155525,49,-3,46,0.08994473754138105,101,3439,6,989,224,-3,4652,2450,0.07734567999977478,232041,76516,
730,0.07718821522247692,1,84,646,815,119320,232041,427877,0.156683805357561,155525,119320,0.08339085374986203,76516,656,61,1,718,427877,0.08339085374986203,155525,61,595,656,0.07718821522247692,718,730,1,84,1,595,815,646,0.156683805357561,232041,76516,
730,0.07718821522247692,1,84,646,815,119320,232041,427877,0.156683805357561,155525,119320,0.08339085374986203,76516,656,61,1,718,427877,0.08339085374986203,155525,61,595,656,0.07718821522247692,718,730,1,84,1,595,815,646,0.156683805357561,232041,76516,
730,0.07718821522247692,1,84,646,815,119320,232041,427877,0.156683805357561,155525,119320,0.08339085374986203,76516,656,61,1,718,427877,0.08339085374986203,155525,61,595,656,0.07718821522247692,718,730,1,84,1,595,815,646,0.156683805357561,232041,76516,
730,0.07718821522247692,1,84,646,815,119320,232041,427877,0.156683805357561,155525,119320,0.08339085374986203,76516,656,61,1,718,427877,0.08339085374986203,155525,61,595,656,0.07718821522247692,718,730,1,84,1,595,815,646,0.156683805357561,232041,76516,
362,0.061567853083044854,0,61,301,423,119320,232041,427877,0.025127024970636513,155525,119320,0.08339085374986203,76516,193,51,0,244,427877,0.08339085374986203,155525,51,142,193,0.061567853083044854,244,362,0,61,0,142,423,301,0.025127024970636513,232041,76516,
295,0.1145912633918918,1,17,278,313,119320,232041,427877,0.05237632122344902,155525,119320,0.08339085374986203,76516,242,12,0,254,427877,0.08339085374986203,155525,12,230,242,0.1145912633918918,254,295,0,17,1,230,313,278,0.05237632122344902,232041,76516,
683,0.32176869439309486,22,224,459,929,119320,232041,427877,0.16173956670019324,155525,119320,0.08339085374986203,76516,447,218,22,687,427877,0.08339085374986203,155525,218,229,447,0.32176869439309486,687,683,22,224,22,229,929,459,0.16173956670019324,232041,76516,
683,0.32176869439309486,22,224,459,929,119320,232041,427877,0.16173956670019324,155525,119320,0.08339085374986203,76516,447,218,22,687,427877,0.08339085374986203,155525,218,229,447,0.32176869439309486,687,683,22,224,22,229,929,459,0.16173956670019324,232041,76516,
683,0.32176869439309486,22,224,459,929,119320,232041,427877,0.16173956670019324,155525,119320,0.08339085374986203,76516,447,218,22,687,427877,0.08339085374986203,155525,218,229,447,0.32176869439309486,687,683,22,224,22,229,929,459,0.16173956670019324,232041,76516,
683,0.32176869439309486,22,224,459,929,119320,232041,427877,0.16173956670019324,155525,119320,0.08339085374986203,76516,447,218,22,687,427877,0.08339085374986203,155525,218,229,447,0.32176869439309486,687,683,22,224,22,229,929,459,0.16173956670019324,232041,76516,
683,0.32176869439309486,22,224,459,929,119320,232041,427877,0.16173956670019324,155525,119320,0.08339085374986203,76516,447,218,22,687,427877,0.08339085374986203,155525,218,229,447,0.32176869439309486,687,683,22,224,22,229,929,459,0.16173956670019324,232041,76516,
345,0.08003168634740912,33,14,331,392,119320,232041,427877,0.09766843076027788,155525,119320,0.08339085374986203,76516,2,2,33,37,427877,0.08339085374986203,155525,2,0,2,0.08003168634740912,37,345,33,14,33,0,392,331,0.09766843076027788,232041,76516,
345,0.08003168634740912,33,14,331,392,119320,232041,427877,0.09766843076027788,155525,119320,0.08339085374986203,76516,2,2,33,37,427877,0.08339085374986203,155525,2,0,2,0.08003168634740912,37,345,33,14,33,0,392,331,0.09766843076027788,232041,76516,
345,0.03053260111231315,33,14,331,392,119320,232041,427877,0.09766843076027788,155525,119320,0.08339085374986203,76516,217,11,0,228,427877,0.08339085374986203,155525,11,206,217,0.03053260111231315,228,345,0,14,33,206,392,331,0.09766843076027788,232041,76516,
3322,0.13104641580476878,2110,776,2546,6208,119320,232041,427877,0.07915043207620871,155525,119320,0.08339085374986203,76516,16,139,4,159,427877,0.08339085374986203,155525,139,-123,16,0.13104641580476878,159,3322,4,776,2110,-123,6208,2546,0.07915043207620871,232041,76516,
3322,0.1584188847836252,2110,776,2546,6208,119320,232041,427877,0.07915043207620871,155525,119320,0.08339085374986203,76516,1210,162,839,2211,427877,0.08339085374986203,155525,162,1048,1210,0.1584188847836252,2211,3322,839,776,2110,1048,6208,2546,0.07915043207620871,232041,76516,
3322,0.1584188847836252,2110,776,2546,6208,119320,232041,427877,0.07915043207620871,155525,119320,0.08339085374986203,76516,1210,162,839,2211,427877,0.08339085374986203,155525,162,1048,1210,0.1584188847836252,2211,3322,839,776,2110,1048,6208,2546,0.07915043207620871,232041,76516,
3322,0.1584188847836252,2110,776,2546,6208,119320,232041,427877,0.07915043207620871,155525,119320,0.08339085374986203,76516,1210,162,839,2211,427877,0.08339085374986203,155525,162,1048,1210,0.1584188847836252,2211,3322,839,776,2110,1048,6208,2546,0.07915043207620871,232041,76516,
3322,0.1584188847836252,2110,776,2546,6208,119320,232041,427877,0.07915043207620871,155525,119320,0.08339085374986203,76516,1210,162,839,2211,427877,0.08339085374986203,155525,162,1048,1210,0.1584188847836252,2211,3322,839,776,2110,1048,6208,2546,0.07915043207620871,232041,76516,
3322,0.1584188847836252,2110,776,2546,6208,119320,232041,427877,0.07915043207620871,155525,119320,0.08339085374986203,76516,1210,162,839,2211,427877,0.08339085374986203,155525,162,1048,1210,0.1584188847836252,2211,3322,839,776,2110,1048,6208,2546,0.07915043207620871,232041,76516,
3322,0.1584188847836252,2110,776,2546,6208,119320,232041,427877,0.07915043207620871,155525,119320,0.08339085374986203,76516,1210,162,839,2211,427877,0.08339085374986203,155525,162,1048,1210,0.1584188847836252,2211,3322,839,776,2110,1048,6208,2546,0.07915043207620871,232041,76516,
3322,0.08610067716641202,2110,776,2546,6208,119320,232041,427877,0.07915043207620871,155525,119320,0.08339085374986203,76516,424,78,550,1052,427877,0.08339085374986203,155525,78,346,424,0.08610067716641202,1052,3322,550,776,2110,346,6208,2546,0.07915043207620871,232041,76516,
3322,0.08610067716641202,2110,776,2546,6208,119320,232041,427877,0.07915043207620871,155525,119320,0.08339085374986203,76516,424,78,550,1052,427877,0.08339085374986203,155525,78,346,424,0.08610067716641202,1052,3322,550,776,2110,346,6208,2546,0.07915043207620871,232041,76516,
3322,0.08610067716641202,2110,776,2546,6208,119320,232041,427877,0.07915043207620871,155525,119320,0.08339085374986203,76516,424,78,550,1052,427877,0.08339085374986203,155525,78,346,424,0.08610067716641202,1052,3322,550,776,2110,346,6208,2546,0.07915043207620871,232041,76516,
3322,0.08610067716641202,2110,776,2546,6208,119320,232041,427877,0.07915043207620871,155525,119320,0.08339085374986203,76516,424,78,550,1052,427877,0.08339085374986203,155525,78,346,424,0.08610067716641202,1052,3322,550,776,2110,346,6208,2546,0.07915043207620871,232041,76516,
3322,0.009777354407956403,2110,776,2546,6208,119320,232041,427877,0.07915043207620871,155525,119320,0.08339085374986203,76516,184,0,123,307,427877,0.08339085374986203,155525,0,184,184,0.009777354407956403,307,3322,123,776,2110,184,6208,2546,0.07915043207620871,232041,76516,
3322,0.007582441538885399,2110,776,2546,6208,119320,232041,427877,0.07915043207620871,155525,119320,0.08339085374986203,76516,107,3,40,150,427877,0.08339085374986203,155525,3,104,107,0.007582441538885399,150,3322,40,776,2110,104,6208,2546,0.07915043207620871,232041,76516,
3322,0.15772077606377466,2110,776,2546,6208,119320,232041,427877,0.07915043207620871,155525,119320,0.08339085374986203,76516,1047,283,81,1411,427877,0.08339085374986203,155525,283,764,1047,0.15772077606377466,1411,3322,81,776,2110,764,6208,2546,0.07915043207620871,232041,76516,
3322,0.15772077606377466,2110,776,2546,6208,119320,232041,427877,0.07915043207620871,155525,119320,0.08339085374986203,76516,1047,283,81,1411,427877,0.08339085374986203,155525,283,764,1047,0.15772077606377466,1411,3322,81,776,2110,764,6208,2546,0.07915043207620871,232041,76516,
3322,0.15772077606377466,2110,776,2546,6208,119320,232041,427877,0.07915043207620871,155525,119320,0.08339085374986203,76516,1047,283,81,1411,427877,0.08339085374986203,155525,283,764,1047,0.15772077606377466,1411,3322,81,776,2110,764,6208,2546,0.07915043207620871,232041,76516,
3322,0.15772077606377466,2110,776,2546,6208,119320,232041,427877,0.07915043207620871,155525,119320,0.08339085374986203,76516,1047,283,81,1411,427877,0.08339085374986203,155525,283,764,1047,0.15772077606377466,1411,3322,81,776,2110,764,6208,2546,0.07915043207620871,232041,76516,
3322,0.15772077606377466,2110,776,2546,6208,119320,232041,427877,0.07915043207620871,155525,119320,0.08339085374986203,76516,1047,283,81,1411,427877,0.08339085374986203,155525,283,764,1047,0.15772077606377466,1411,3322,81,776,2110,764,6208,2546,0.07915043207620871,232041,76516,
3322,0.15772077606377466,2110,776,2546,6208,119320,232041,427877,0.07915043207620871,155525,119320,0.08339085374986203,76516,1047,283,81,1411,427877,0.08339085374986203,155525,283,764,1047,0.15772077606377466,1411,3322,81,776,2110,764,6208,2546,0.07915043207620871,232041,76516,
3322,0.15772077606377466,2110,776,2546,6208,119320,232041,427877,0.07915043207620871,155525,119320,0.08339085374986203,76516,1047,283,81,1411,427877,0.08339085374986203,155525,283,764,1047,0.15772077606377466,1411,3322,81,776,2110,764,6208,2546,0.07915043207620871,232041,76516,
319,0.11098852695074768,20,227,92,566,119320,232041,427877,0.10409686257891458,155525,119320,0.08339085374986203,76516,199,85,10,294,427877,0.08339085374986203,155525,85,114,199,0.11098852695074768,294,319,10,227,20,114,566,92,0.10409686257891458,232041,76516,
319,0.07575605195871744,20,227,92,566,119320,232041,427877,0.10409686257891458,155525,119320,0.08339085374986203,76516,51,86,0,137,427877,0.08339085374986203,155525,86,-35,51,0.07575605195871744,137,319,0,227,20,-35,566,92,0.10409686257891458,232041,76516,
9120,0.1980012477019372,6286,3389,5731,18795,119320,232041,427877,0.07119524217318587,155525,119320,0.08339085374986203,76516,530,141,74,745,427877,0.08339085374986203,155525,141,389,530,0.1980012477019372,745,9120,74,3389,6286,389,18795,5731,0.07119524217318587,232041,76516,
9120,0.1980012477019372,6286,3389,5731,18795,119320,232041,427877,0.07119524217318587,155525,119320,0.08339085374986203,76516,530,141,74,745,427877,0.08339085374986203,155525,141,389,530,0.1980012477019372,745,9120,74,3389,6286,389,18795,5731,0.07119524217318587,232041,76516,
9120,0.19617875281008132,6286,3389,5731,18795,119320,232041,427877,0.07119524217318587,155525,119320,0.08339085374986203,76516,1624,1172,1839,4635,427877,0.08339085374986203,155525,1172,452,1624,0.19617875281008132,4635,9120,1839,3389,6286,452,18795,5731,0.07119524217318587,232041,76516,
9120,0.19617875281008132,6286,3389,5731,18795,119320,232041,427877,0.07119524217318587,155525,119320,0.08339085374986203,76516,1624,1172,1839,4635,427877,0.08339085374986203,155525,1172,452,1624,0.19617875281008132,4635,9120,1839,3389,6286,452,18795,5731,0.07119524217318587,232041,76516,
9120,0.19617875281008132,6286,3389,5731,18795,119320,232041,427877,0.07119524217318587,155525,119320,0.08339085374986203,76516,1624,1172,1839,4635,427877,0.08339085374986203,155525,1172,452,1624,0.19617875281008132,4635,9120,1839,3389,6286,452,18795,5731,0.07119524217318587,232041,76516,
9120,0.19617875281008132,6286,3389,5731,18795,119320,232041,427877,0.07119524217318587,155525,119320,0.08339085374986203,76516,1624,1172,1839,4635,427877,0.08339085374986203,155525,1172,452,1624,0.19617875281008132,4635,9120,1839,3389,6286,452,18795,5731,0.07119524217318587,232041,76516,
9120,0.19617875281008132,6286,3389,5731,18795,119320,232041,427877,0.07119524217318587,155525,119320,0.08339085374986203,76516,1624,1172,1839,4635,427877,0.08339085374986203,155525,1172,452,1624,0.19617875281008132,4635,9120,1839,3389,6286,452,18795,5731,0.07119524217318587,232041,76516,
9120,0.19617875281008132,6286,3389,5731,18795,119320,232041,427877,0.07119524217318587,155525,119320,0.08339085374986203,76516,1624,1172,1839,4635,427877,0.08339085374986203,155525,1172,452,1624,0.19617875281008132,4635,9120,1839,3389,6286,452,18795,5731,0.07119524217318587,232041,76516,
9120,0.19617875281008132,6286,3389,5731,18795,119320,232041,427877,0.07119524217318587,155525,119320,0.08339085374986203,76516,1624,1172,1839,4635,427877,0.08339085374986203,155525,1172,452,1624,0.19617875281008132,4635,9120,1839,3389,6286,452,18795,5731,0.07119524217318587,232041,76516,
9120,0.19617875281008132,6286,3389,5731,18795,119320,232041,427877,0.07119524217318587,155525,119320,0.08339085374986203,76516,1624,1172,1839,4635,427877,0.08339085374986203,155525,1172,452,1624,0.19617875281008132,4635,9120,1839,3389,6286,452,18795,5731,0.07119524217318587,232041,76516,
9120,0.19617875281008132,6286,3389,5731,18795,119320,232041,427877,0.07119524217318587,155525,119320,0.08339085374986203,76516,1624,1172,1839,4635,427877,0.08339085374986203,155525,1172,452,1624,0.19617875281008132,4635,9120,1839,3389,6286,452,18795,5731,0.07119524217318587,232041,76516,
9120,0.19617875281008132,6286,3389,5731,18795,119320,232041,427877,0.07119524217318587,155525,119320,0.08339085374986203,76516,1624,1172,1839,4635,427877,0.08339085374986203,155525,1172,452,1624,0.19617875281008132,4635,9120,1839,3389,6286,452,18795,5731,0.07119524217318587,232041,76516,
9120,0.19617875281008132,6286,3389,5731,18795,119320,232041,427877,0.07119524217318587,155525,119320,0.08339085374986203,76516,1624,1172,1839,4635,427877,0.08339085374986203,155525,1172,452,1624,0.19617875281008132,4635,9120,1839,3389,6286,452,18795,5731,0.07119524217318587,232041,76516,
9120,0.19617875281008132,6286,3389,5731,18795,119320,232041,427877,0.07119524217318587,155525,119320,0.08339085374986203,76516,1624,1172,1839,4635,427877,0.08339085374986203,155525,1172,452,1624,0.19617875281008132,4635,9120,1839,3389,6286,452,18795,5731,0.07119524217318587,232041,76516,
9120,0.19617875281008132,6286,3389,5731,18795,119320,232041,427877,0.07119524217318587,155525,119320,0.08339085374986203,76516,1624,1172,1839,4635,427877,0.08339085374986203,155525,1172,452,1624,0.19617875281008132,4635,9120,1839,3389,6286,452,18795,5731,0.07119524217318587,232041,76516,
9120,0.19617875281008132,6286,3389,5731,18795,119320,232041,427877,0.07119524217318587,155525,119320,0.08339085374986203,76516,1624,1172,1839,4635,427877,0.08339085374986203,155525,1172,452,1624,0.19617875281008132,4635,9120,1839,3389,6286,452,18795,5731,0.07119524217318587,232041,76516,
9120,0.19617875281008132,6286,3389,5731,18795,119320,232041,427877,0.07119524217318587,155525,119320,0.08339085374986203,76516,1624,1172,1839,4635,427877,0.08339085374986203,155525,1172,452,1624,0.19617875281008132,4635,9120,1839,3389,6286,452,18795,5731,0.07119524217318587,232041,76516,
9120,0.19617875281008132,6286,3389,5731,18795,119320,232041,427877,0.07119524217318587,155525,119320,0.08339085374986203,76516,1624,1172,1839,4635,427877,0.08339085374986203,155525,1172,452,1624,0.19617875281008132,4635,9120,1839,3389,6286,452,18795,5731,0.07119524217318587,232041,76516,
9120,0.19617875281008132,6286,3389,5731,18795,119320,232041,427877,0.07119524217318587,155525,119320,0.08339085374986203,76516,1624,1172,1839,4635,427877,0.08339085374986203,155525,1172,452,1624,0.19617875281008132,4635,9120,1839,3389,6286,452,18795,5731,0.07119524217318587,232041,76516,
9120,0.19617875281008132,6286,3389,5731,18795,119320,232041,427877,0.07119524217318587,155525,119320,0.08339085374986203,76516,1624,1172,1839,4635,427877,0.08339085374986203,155525,1172,452,1624,0.19617875281008132,4635,9120,1839,3389,6286,452,18795,5731,0.07119524217318587,232041,76516,
9120,0.19617875281008132,6286,3389,5731,18795,119320,232041,427877,0.07119524217318587,155525,119320,0.08339085374986203,76516,1624,1172,1839,4635,427877,0.08339085374986203,155525,1172,452,1624,0.19617875281008132,4635,9120,1839,3389,6286,452,18795,5731,0.07119524217318587,232041,76516,
9120,0.19617875281008132,6286,3389,5731,18795,119320,232041,427877,0.07119524217318587,155525,119320,0.08339085374986203,76516,1624,1172,1839,4635,427877,0.08339085374986203,155525,1172,452,1624,0.19617875281008132,4635,9120,1839,3389,6286,452,18795,5731,0.07119524217318587,232041,76516,
9120,0.19617875281008132,6286,3389,5731,18795,119320,232041,427877,0.07119524217318587,155525,119320,0.08339085374986203,76516,1624,1172,1839,4635,427877,0.08339085374986203,155525,1172,452,1624,0.19617875281008132,4635,9120,1839,3389,6286,452,18795,5731,0.07119524217318587,232041,76516,
9120,0.19617875281008132,6286,3389,5731,18795,119320,232041,427877,0.07119524217318587,155525,119320,0.08339085374986203,76516,1624,1172,1839,4635,427877,0.08339085374986203,155525,1172,452,1624,0.19617875281008132,4635,9120,1839,3389,6286,452,18795,5731,0.07119524217318587,232041,76516,
9120,0.19617875281008132,6286,3389,5731,18795,119320,232041,427877,0.07119524217318587,155525,119320,0.08339085374986203,76516,1624,1172,1839,4635,427877,0.08339085374986203,155525,1172,452,1624,0.19617875281008132,4635,9120,1839,3389,6286,452,18795,5731,0.07119524217318587,232041,76516,
9120,0.19617875281008132,6286,3389,5731,18795,119320,232041,427877,0.07119524217318587,155525,119320,0.08339085374986203,76516,1624,1172,1839,4635,427877,0.08339085374986203,155525,1172,452,1624,0.19617875281008132,4635,9120,1839,3389,6286,452,18795,5731,0.07119524217318587,232041,76516,
9120,0.19617875281008132,6286,3389,5731,18795,119320,232041,427877,0.07119524217318587,155525,119320,0.08339085374986203,76516,1624,1172,1839,4635,427877,0.08339085374986203,155525,1172,452,1624,0.19617875281008132,4635,9120,1839,3389,6286,452,18795,5731,0.07119524217318587,232041,76516,
9120,0.19617875281008132,6286,3389,5731,18795,119320,232041,427877,0.07119524217318587,155525,119320,0.08339085374986203,76516,1624,1172,1839,4635,427877,0.08339085374986203,155525,1172,452,1624,0.19617875281008132,4635,9120,1839,3389,6286,452,18795,5731,0.07119524217318587,232041,76516,
9120,0.19617875281008132,6286,3389,5731,18795,119320,232041,427877,0.07119524217318587,155525,119320,0.08339085374986203,76516,1624,1172,1839,4635,427877,0.08339085374986203,155525,1172,452,1624,0.19617875281008132,4635,9120,1839,3389,6286,452,18795,5731,0.07119524217318587,232041,76516,
9120,0.19617875281008132,6286,3389,5731,18795,119320,232041,427877,0.07119524217318587,155525,119320,0.08339085374986203,76516,1624,1172,1839,4635,427877,0.08339085374986203,155525,1172,452,1624,0.19617875281008132,4635,9120,1839,3389,6286,452,18795,5731,0.07119524217318587,232041,76516,
9120,0.19617875281008132,6286,3389,5731,18795,119320,232041,427877,0.07119524217318587,155525,119320,0.08339085374986203,76516,1624,1172,1839,4635,427877,0.08339085374986203,155525,1172,452,1624,0.19617875281008132,4635,9120,1839,3389,6286,452,18795,5731,0.07119524217318587,232041,76516,
9120,0.19617875281008132,6286,3389,5731,18795,119320,232041,427877,0.07119524217318587,155525,119320,0.08339085374986203,76516,1624,1172,1839,4635,427877,0.08339085374986203,155525,1172,452,1624,0.19617875281008132,4635,9120,1839,3389,6286,452,18795,5731,0.07119524217318587,232041,76516,
9120,0.19617875281008132,6286,3389,5731,18795,119320,232041,427877,0.07119524217318587,155525,119320,0.08339085374986203,76516,1624,1172,1839,4635,427877,0.08339085374986203,155525,1172,452,1624,0.19617875281008132,4635,9120,1839,3389,6286,452,18795,5731,0.07119524217318587,232041,76516,
9120,0.19617875281008132,6286,3389,5731,18795,119320,232041,427877,0.07119524217318587,155525,119320,0.08339085374986203,76516,1624,1172,1839,4635,427877,0.08339085374986203,155525,1172,452,1624,0.19617875281008132,4635,9120,1839,3389,6286,452,18795,5731,0.07119524217318587,232041,76516,
9120,0.19617875281008132,6286,3389,5731,18795,119320,232041,427877,0.07119524217318587,155525,119320,0.08339085374986203,76516,1624,1172,1839,4635,427877,0.08339085374986203,155525,1172,452,1624,0.19617875281008132,4635,9120,1839,3389,6286,452,18795,5731,0.07119524217318587,232041,76516,
9120,0.19617875281008132,6286,3389,5731,18795,119320,232041,427877,0.07119524217318587,155525,119320,0.08339085374986203,76516,1624,1172,1839,4635,427877,0.08339085374986203,155525,1172,452,1624,0.19617875281008132,4635,9120,1839,3389,6286,452,18795,5731,0.07119524217318587,232041,76516,
9120,0.19617875281008132,6286,3389,5731,18795,119320,232041,427877,0.07119524217318587,155525,119320,0.08339085374986203,76516,1624,1172,1839,4635,427877,0.08339085374986203,155525,1172,452,1624,0.19617875281008132,4635,9120,1839,3389,6286,452,18795,5731,0.07119524217318587,232041,76516,
9120,0.19617875281008132,6286,3389,5731,18795,119320,232041,427877,0.07119524217318587,155525,119320,0.08339085374986203,76516,1624,1172,1839,4635,427877,0.08339085374986203,155525,1172,452,1624,0.19617875281008132,4635,9120,1839,3389,6286,452,18795,5731,0.07119524217318587,232041,76516,
9120,0.12366806705104999,6286,3389,5731,18795,119320,232041,427877,0.07119524217318587,155525,119320,0.08339085374986203,76516,987,462,134,1583,427877,0.08339085374986203,155525,462,525,987,0.12366806705104999,1583,9120,134,3389,6286,525,18795,5731,0.07119524217318587,232041,76516,
9120,0.08633296756410759,6286,3389,5731,18795,119320,232041,427877,0.07119524217318587,155525,119320,0.08339085374986203,76516,8,18,2,28,427877,0.08339085374986203,155525,18,-10,8,0.08633296756410759,28,9120,2,3389,6286,-10,18795,5731,0.07119524217318587,232041,76516,
9120,0.20718887827588262,6286,3389,5731,18795,119320,232041,427877,0.07119524217318587,155525,119320,0.08339085374986203,76516,1085,109,19,1213,427877,0.08339085374986203,155525,109,976,1085,0.20718887827588262,1213,9120,19,3389,6286,976,18795,5731,0.07119524217318587,232041,76516,
9120,0.20718887827588262,6286,3389,5731,18795,119320,232041,427877,0.07119524217318587,155525,119320,0.08339085374986203,76516,1085,109,19,1213,427877,0.08339085374986203,155525,109,976,1085,0.20718887827588262,1213,9120,19,3389,6286,976,18795,5731,0.07119524217318587,232041,76516,
9120,0.20718887827588262,6286,3389,5731,18795,119320,232041,427877,0.07119524217318587,155525,119320,0.08339085374986203,76516,1085,109,19,1213,427877,0.08339085374986203,155525,109,976,1085,0.20718887827588262,1213,9120,19,3389,6286,976,18795,5731,0.07119524217318587,232041,76516,
9120,0.20718887827588262,6286,3389,5731,18795,119320,232041,427877,0.07119524217318587,155525,119320,0.08339085374986203,76516,1085,109,19,1213,427877,0.08339085374986203,155525,109,976,1085,0.20718887827588262,1213,9120,19,3389,6286,976,18795,5731,0.07119524217318587,232041,76516,
9120,0.20718887827588262,6286,3389,5731,18795,119320,232041,427877,0.07119524217318587,155525,119320,0.08339085374986203,76516,1085,109,19,1213,427877,0.08339085374986203,155525,109,976,1085,0.20718887827588262,1213,9120,19,3389,6286,976,18795,5731,0.07119524217318587,232041,76516,
9120,0.20718887827588262,6286,3389,5731,18795,119320,232041,427877,0.07119524217318587,155525,119320,0.08339085374986203,76516,1085,109,19,1213,427877,0.08339085374986203,155525,109,976,1085,0.20718887827588262,1213,9120,19,3389,6286,976,18795,5731,0.07119524217318587,232041,76516,
9120,0.20718887827588262,6286,3389,5731,18795,119320,232041,427877,0.07119524217318587,155525,119320,0.08339085374986203,76516,1085,109,19,1213,427877,0.08339085374986203,155525,109,976,1085,0.20718887827588262,1213,9120,19,3389,6286,976,18795,5731,0.07119524217318587,232041,76516,
9120,0.20718887827588262,6286,3389,5731,18795,119320,232041,427877,0.07119524217318587,155525,119320,0.08339085374986203,76516,1085,109,19,1213,427877,0.08339085374986203,155525,109,976,1085,0.20718887827588262,1213,9120,19,3389,6286,976,18795,5731,0.07119524217318587,232041,76516,
9120,0.20718887827588262,6286,3389,5731,18795,119320,232041,427877,0.07119524217318587,155525,119320,0.08339085374986203,76516,1085,109,19,1213,427877,0.08339085374986203,155525,109,976,1085,0.20718887827588262,1213,9120,19,3389,6286,976,18795,5731,0.07119524217318587,232041,76516,
9120,0.20718887827588262,6286,3389,5731,18795,119320,232041,427877,0.07119524217318587,155525,119320,0.08339085374986203,76516,1085,109,19,1213,427877,0.08339085374986203,155525,109,976,1085,0.20718887827588262,1213,9120,19,3389,6286,976,18795,5731,0.07119524217318587,232041,76516,
9120,0.1728450381089521,6286,3389,5731,18795,119320,232041,427877,0.07119524217318587,155525,119320,0.08339085374986203,76516,437,64,40,541,427877,0.08339085374986203,155525,64,373,437,0.1728450381089521,541,9120,40,3389,6286,373,18795,5731,0.07119524217318587,232041,76516,
9120,0.1728450381089521,6286,3389,5731,18795,119320,232041,427877,0.07119524217318587,155525,119320,0.08339085374986203,76516,437,64,40,541,427877,0.08339085374986203,155525,64,373,437,0.1728450381089521,541,9120,40,3389,6286,373,18795,5731,0.07119524217318587,232041,76516,
9120,0.1728450381089521,6286,3389,5731,18795,119320,232041,427877,0.07119524217318587,155525,119320,0.08339085374986203,76516,437,64,40,541,427877,0.08339085374986203,155525,64,373,437,0.1728450381089521,541,9120,40,3389,6286,373,18795,5731,0.07119524217318587,232041,76516,
9120,0.1728450381089521,6286,3389,5731,18795,119320,232041,427877,0.07119524217318587,155525,119320,0.08339085374986203,76516,437,64,40,541,427877,0.08339085374986203,155525,64,373,437,0.1728450381089521,541,9120,40,3389,6286,373,18795,5731,0.07119524217318587,232041,76516,
9120,0.1728450381089521,6286,3389,5731,18795,119320,232041,427877,0.07119524217318587,155525,119320,0.08339085374986203,76516,437,64,40,541,427877,0.08339085374986203,155525,64,373,437,0.1728450381089521,541,9120,40,3389,6286,373,18795,5731,0.07119524217318587,232041,76516,
9120,0.1728450381089521,6286,3389,5731,18795,119320,232041,427877,0.07119524217318587,155525,119320,0.08339085374986203,76516,437,64,40,541,427877,0.08339085374986203,155525,64,373,437,0.1728450381089521,541,9120,40,3389,6286,373,18795,5731,0.07119524217318587,232041,76516,
9120,0.06940055494600958,6286,3389,5731,18795,119320,232041,427877,0.07119524217318587,155525,119320,0.08339085374986203,76516,72,19,270,361,427877,0.08339085374986203,155525,19,53,72,0.06940055494600958,361,9120,270,3389,6286,53,18795,5731,0.07119524217318587,232041,76516,
9120,0.17392014316407306,6286,3389,5731,18795,119320,232041,427877,0.07119524217318587,155525,119320,0.08339085374986203,76516,2818,1008,2759,6585,427877,0.08339085374986203,155525,1008,1810,2818,0.17392014316407306,6585,9120,2759,3389,6286,1810,18795,5731,0.07119524217318587,232041,76516,
9120,0.17392014316407306,6286,3389,5731,18795,119320,232041,427877,0.07119524217318587,155525,119320,0.08339085374986203,76516,2818,1008,2759,6585,427877,0.08339085374986203,155525,1008,1810,2818,0.17392014316407306,6585,9120,2759,3389,6286,1810,18795,5731,0.07119524217318587,232041,76516,
9120,0.17392014316407306,6286,3389,5731,18795,119320,232041,427877,0.07119524217318587,155525,119320,0.08339085374986203,76516,2818,1008,2759,6585,427877,0.08339085374986203,155525,1008,1810,2818,0.17392014316407306,6585,9120,2759,3389,6286,1810,18795,5731,0.07119524217318587,232041,76516,
9120,0.17392014316407306,6286,3389,5731,18795,119320,232041,427877,0.07119524217318587,155525,119320,0.08339085374986203,76516,2818,1008,2759,6585,427877,0.08339085374986203,155525,1008,1810,2818,0.17392014316407306,6585,9120,2759,3389,6286,1810,18795,5731,0.07119524217318587,232041,76516,
9120,0.17392014316407306,6286,3389,5731,18795,119320,232041,427877,0.07119524217318587,155525,119320,0.08339085374986203,76516,2818,1008,2759,6585,427877,0.08339085374986203,155525,1008,1810,2818,0.17392014316407306,6585,9120,2759,3389,6286,1810,18795,5731,0.07119524217318587,232041,76516,
9120,0.17392014316407306,6286,3389,5731,18795,119320,232041,427877,0.07119524217318587,155525,119320,0.08339085374986203,76516,2818,1008,2759,6585,427877,0.08339085374986203,155525,1008,1810,2818,0.17392014316407306,6585,9120,2759,3389,6286,1810,18795,5731,0.07119524217318587,232041,76516,
9120,0.17392014316407306,6286,3389,5731,18795,119320,232041,427877,0.07119524217318587,155525,119320,0.08339085374986203,76516,2818,1008,2759,6585,427877,0.08339085374986203,155525,1008,1810,2818,0.17392014316407306,6585,9120,2759,3389,6286,1810,18795,5731,0.07119524217318587,232041,76516,
9120,0.17392014316407306,6286,3389,5731,18795,119320,232041,427877,0.07119524217318587,155525,119320,0.08339085374986203,76516,2818,1008,2759,6585,427877,0.08339085374986203,155525,1008,1810,2818,0.17392014316407306,6585,9120,2759,3389,6286,1810,18795,5731,0.07119524217318587,232041,76516,
9120,0.17392014316407306,6286,3389,5731,18795,119320,232041,427877,0.07119524217318587,155525,119320,0.08339085374986203,76516,2818,1008,2759,6585,427877,0.08339085374986203,155525,1008,1810,2818,0.17392014316407306,6585,9120,2759,3389,6286,1810,18795,5731,0.07119524217318587,232041,76516,
9120,0.17392014316407306,6286,3389,5731,18795,119320,232041,427877,0.07119524217318587,155525,119320,0.08339085374986203,76516,2818,1008,2759,6585,427877,0.08339085374986203,155525,1008,1810,2818,0.17392014316407306,6585,9120,2759,3389,6286,1810,18795,5731,0.07119524217318587,232041,76516,
9120,0.17392014316407306,6286,3389,5731,18795,119320,232041,427877,0.07119524217318587,155525,119320,0.08339085374986203,76516,2818,1008,2759,6585,427877,0.08339085374986203,155525,1008,1810,2818,0.17392014316407306,6585,9120,2759,3389,6286,1810,18795,5731,0.07119524217318587,232041,76516,
9120,0.17392014316407306,6286,3389,5731,18795,119320,232041,427877,0.07119524217318587,155525,119320,0.08339085374986203,76516,2818,1008,2759,6585,427877,0.08339085374986203,155525,1008,1810,2818,0.17392014316407306,6585,9120,2759,3389,6286,1810,18795,5731,0.07119524217318587,232041,76516,
9120,0.17392014316407306,6286,3389,5731,18795,119320,232041,427877,0.07119524217318587,155525,119320,0.08339085374986203,76516,2818,1008,2759,6585,427877,0.08339085374986203,155525,1008,1810,2818,0.17392014316407306,6585,9120,2759,3389,6286,1810,18795,5731,0.07119524217318587,232041,76516,
9120,0.17392014316407306,6286,3389,5731,18795,119320,232041,427877,0.07119524217318587,155525,119320,0.08339085374986203,76516,2818,1008,2759,6585,427877,0.08339085374986203,155525,1008,1810,2818,0.17392014316407306,6585,9120,2759,3389,6286,1810,18795,5731,0.07119524217318587,232041,76516,
9120,0.17392014316407306,6286,3389,5731,18795,119320,232041,427877,0.07119524217318587,155525,119320,0.08339085374986203,76516,2818,1008,2759,6585,427877,0.08339085374986203,155525,1008,1810,2818,0.17392014316407306,6585,9120,2759,3389,6286,1810,18795,5731,0.07119524217318587,232041,76516,
9120,0.03676177021825282,6286,3389,5731,18795,119320,232041,427877,0.07119524217318587,155525,119320,0.08339085374986203,76516,112,7,1,120,427877,0.08339085374986203,155525,7,105,112,0.03676177021825282,120,9120,1,3389,6286,105,18795,5731,0.07119524217318587,232041,76516,
9120,0.1969757652889251,6286,3389,5731,18795,119320,232041,427877,0.07119524217318587,155525,119320,0.08339085374986203,76516,182,68,29,279,427877,0.08339085374986203,155525,68,114,182,0.1969757652889251,279,9120,29,3389,6286,114,18795,5731,0.07119524217318587,232041,76516,
9120,0.1969757652889251,6286,3389,5731,18795,119320,232041,427877,0.07119524217318587,155525,119320,0.08339085374986203,76516,182,68,29,279,427877,0.08339085374986203,155525,68,114,182,0.1969757652889251,279,9120,29,3389,6286,114,18795,5731,0.07119524217318587,232041,76516,
9120,0.1969757652889251,6286,3389,5731,18795,119320,232041,427877,0.07119524217318587,155525,119320,0.08339085374986203,76516,182,68,29,279,427877,0.08339085374986203,155525,68,114,182,0.1969757652889251,279,9120,29,3389,6286,114,18795,5731,0.07119524217318587,232041,76516,
9120,0.1969757652889251,6286,3389,5731,18795,119320,232041,427877,0.07119524217318587,155525,119320,0.08339085374986203,76516,182,68,29,279,427877,0.08339085374986203,155525,68,114,182,0.1969757652889251,279,9120,29,3389,6286,114,18795,5731,0.07119524217318587,232041,76516,
9120,0.1969757652889251,6286,3389,5731,18795,119320,232041,427877,0.07119524217318587,155525,119320,0.08339085374986203,76516,182,68,29,279,427877,0.08339085374986203,155525,68,114,182,0.1969757652889251,279,9120,29,3389,6286,114,18795,5731,0.07119524217318587,232041,76516,
9120,0.1969757652889251,6286,3389,5731,18795,119320,232041,427877,0.07119524217318587,155525,119320,0.08339085374986203,76516,182,68,29,279,427877,0.08339085374986203,155525,68,114,182,0.1969757652889251,279,9120,29,3389,6286,114,18795,5731,0.07119524217318587,232041,76516,
9120,0.12990757189823596,6286,3389,5731,18795,119320,232041,427877,0.07119524217318587,155525,119320,0.08339085374986203,76516,491,114,1,606,427877,0.08339085374986203,155525,114,377,491,0.12990757189823596,606,9120,1,3389,6286,377,18795,5731,0.07119524217318587,232041,76516,
9120,0.12990757189823596,6286,3389,5731,18795,119320,232041,427877,0.07119524217318587,155525,119320,0.08339085374986203,76516,491,114,1,606,427877,0.08339085374986203,155525,114,377,491,0.12990757189823596,606,9120,1,3389,6286,377,18795,5731,0.07119524217318587,232041,76516,
9120,0.12990757189823596,6286,3389,5731,18795,119320,232041,427877,0.07119524217318587,155525,119320,0.08339085374986203,76516,491,114,1,606,427877,0.08339085374986203,155525,114,377,491,0.12990757189823596,606,9120,1,3389,6286,377,18795,5731,0.07119524217318587,232041,76516,
9120,0.11757628309179628,6286,3389,5731,18795,119320,232041,427877,0.07119524217318587,155525,119320,0.08339085374986203,76516,263,27,312,602,427877,0.08339085374986203,155525,27,236,263,0.11757628309179628,602,9120,312,3389,6286,236,18795,5731,0.07119524217318587,232041,76516,
9120,0.12302191870406295,6286,3389,5731,18795,119320,232041,427877,0.07119524217318587,155525,119320,0.08339085374986203,76516,128,30,7,165,427877,0.08339085374986203,155525,30,98,128,0.12302191870406295,165,9120,7,3389,6286,98,18795,5731,0.07119524217318587,232041,76516,
9120,0.12302191870406295,6286,3389,5731,18795,119320,232041,427877,0.07119524217318587,155525,119320,0.08339085374986203,76516,128,30,7,165,427877,0.08339085374986203,155525,30,98,128,0.12302191870406295,165,9120,7,3389,6286,98,18795,5731,0.07119524217318587,232041,76516,
9120,0.12302191870406295,6286,3389,5731,18795,119320,232041,427877,0.07119524217318587,155525,119320,0.08339085374986203,76516,128,30,7,165,427877,0.08339085374986203,155525,30,98,128,0.12302191870406295,165,9120,7,3389,6286,98,18795,5731,0.07119524217318587,232041,76516,
9120,0.047453354048752616,6286,3389,5731,18795,119320,232041,427877,0.07119524217318587,155525,119320,0.08339085374986203,76516,13,5,581,599,427877,0.08339085374986203,155525,5,8,13,0.047453354048752616,599,9120,581,3389,6286,8,18795,5731,0.07119524217318587,232041,76516,
761,0.033132579145420865,732,236,525,1729,119320,232041,427877,0.07332327441423742,155525,119320,0.08339085374986203,76516,21,40,0,61,427877,0.08339085374986203,155525,40,-19,21,0.033132579145420865,61,761,0,236,732,-19,1729,525,0.07332327441423742,232041,76516,
761,0.18560354400926116,732,236,525,1729,119320,232041,427877,0.07332327441423742,155525,119320,0.08339085374986203,76516,607,169,600,1376,427877,0.08339085374986203,155525,169,438,607,0.18560354400926116,1376,761,600,236,732,438,1729,525,0.07332327441423742,232041,76516,
761,0.18560354400926116,732,236,525,1729,119320,232041,427877,0.07332327441423742,155525,119320,0.08339085374986203,76516,607,169,600,1376,427877,0.08339085374986203,155525,169,438,607,0.18560354400926116,1376,761,600,236,732,438,1729,525,0.07332327441423742,232041,76516,
761,0.18560354400926116,732,236,525,1729,119320,232041,427877,0.07332327441423742,155525,119320,0.08339085374986203,76516,607,169,600,1376,427877,0.08339085374986203,155525,169,438,607,0.18560354400926116,1376,761,600,236,732,438,1729,525,0.07332327441423742,232041,76516,
761,0.18560354400926116,732,236,525,1729,119320,232041,427877,0.07332327441423742,155525,119320,0.08339085374986203,76516,607,169,600,1376,427877,0.08339085374986203,155525,169,438,607,0.18560354400926116,1376,761,600,236,732,438,1729,525,0.07332327441423742,232041,76516,
761,0.18560354400926116,732,236,525,1729,119320,232041,427877,0.07332327441423742,155525,119320,0.08339085374986203,76516,607,169,600,1376,427877,0.08339085374986203,155525,169,438,607,0.18560354400926116,1376,761,600,236,732,438,1729,525,0.07332327441423742,232041,76516,
761,0.18560354400926116,732,236,525,1729,119320,232041,427877,0.07332327441423742,155525,119320,0.08339085374986203,76516,607,169,600,1376,427877,0.08339085374986203,155525,169,438,607,0.18560354400926116,1376,761,600,236,732,438,1729,525,0.07332327441423742,232041,76516,
761,0.18560354400926116,732,236,525,1729,119320,232041,427877,0.07332327441423742,155525,119320,0.08339085374986203,76516,607,169,600,1376,427877,0.08339085374986203,155525,169,438,607,0.18560354400926116,1376,761,600,236,732,438,1729,525,0.07332327441423742,232041,76516,
761,0.06912969802969877,732,236,525,1729,119320,232041,427877,0.07332327441423742,155525,119320,0.08339085374986203,76516,112,27,9,148,427877,0.08339085374986203,155525,27,85,112,0.06912969802969877,148,761,9,236,732,85,1729,525,0.07332327441423742,232041,76516,
761,0.06912969802969877,732,236,525,1729,119320,232041,427877,0.07332327441423742,155525,119320,0.08339085374986203,76516,112,27,9,148,427877,0.08339085374986203,155525,27,85,112,0.06912969802969877,148,761,9,236,732,85,1729,525,0.07332327441423742,232041,76516,
761,0.06912969802969877,732,236,525,1729,119320,232041,427877,0.07332327441423742,155525,119320,0.08339085374986203,76516,112,27,9,148,427877,0.08339085374986203,155525,27,85,112,0.06912969802969877,148,761,9,236,732,85,1729,525,0.07332327441423742,232041,76516,
761,0.06912969802969877,732,236,525,1729,119320,232041,427877,0.07332327441423742,155525,119320,0.08339085374986203,76516,112,27,9,148,427877,0.08339085374986203,155525,27,85,112,0.06912969802969877,148,761,9,236,732,85,1729,525,0.07332327441423742,232041,76516,
324,0.1562815191681171,9,58,266,391,119320,232041,427877,0.14026522370289535,155525,119320,0.08339085374986203,76516,133,0,1,134,427877,0.08339085374986203,155525,0,133,133,0.1562815191681171,134,324,1,58,9,133,391,266,0.14026522370289535,232041,76516,
324,0.08112122092174835,9,58,266,391,119320,232041,427877,0.14026522370289535,155525,119320,0.08339085374986203,76516,71,26,0,97,427877,0.08339085374986203,155525,26,45,71,0.08112122092174835,97,324,0,58,9,45,391,266,0.14026522370289535,232041,76516,
324,0.08112122092174835,9,58,266,391,119320,232041,427877,0.14026522370289535,155525,119320,0.08339085374986203,76516,71,26,0,97,427877,0.08339085374986203,155525,26,45,71,0.08112122092174835,97,324,0,58,9,45,391,266,0.14026522370289535,232041,76516,
4021,0.3696525595567555,168,728,3293,4917,119320,232041,427877,0.20201715213991864,155525,119320,0.08339085374986203,76516,448,22,6,476,427877,0.08339085374986203,155525,22,426,448,0.3696525595567555,476,4021,6,728,168,426,4917,3293,0.20201715213991864,232041,76516,
4021,0.3696525595567555,168,728,3293,4917,119320,232041,427877,0.20201715213991864,155525,119320,0.08339085374986203,76516,448,22,6,476,427877,0.08339085374986203,155525,22,426,448,0.3696525595567555,476,4021,6,728,168,426,4917,3293,0.20201715213991864,232041,76516,
4021,0.3696525595567555,168,728,3293,4917,119320,232041,427877,0.20201715213991864,155525,119320,0.08339085374986203,76516,448,22,6,476,427877,0.08339085374986203,155525,22,426,448,0.3696525595567555,476,4021,6,728,168,426,4917,3293,0.20201715213991864,232041,76516,
4021,0.3696525595567555,168,728,3293,4917,119320,232041,427877,0.20201715213991864,155525,119320,0.08339085374986203,76516,448,22,6,476,427877,0.08339085374986203,155525,22,426,448,0.3696525595567555,476,4021,6,728,168,426,4917,3293,0.20201715213991864,232041,76516,
4021,0.0,168,728,3293,4917,119320,232041,427877,0.20201715213991864,155525,119320,0.08339085374986203,76516,0,0,0,0,427877,0.08339085374986203,155525,0,0,0,0.0,0,4021,0,728,168,0,4917,3293,0.20201715213991864,232041,76516,
4021,0.0,168,728,3293,4917,119320,232041,427877,0.20201715213991864,155525,119320,0.08339085374986203,76516,0,0,0,0,427877,0.08339085374986203,155525,0,0,0,0.0,0,4021,0,728,168,0,4917,3293,0.20201715213991864,232041,76516,
4021,0.0,168,728,3293,4917,119320,232041,427877,0.20201715213991864,155525,119320,0.08339085374986203,76516,0,0,0,0,427877,0.08339085374986203,155525,0,0,0,0.0,0,4021,0,728,168,0,4917,3293,0.20201715213991864,232041,76516,
4021,0.27501153725141664,168,728,3293,4917,119320,232041,427877,0.20201715213991864,155525,119320,0.08339085374986203,76516,215,33,1,249,427877,0.08339085374986203,155525,33,182,215,0.27501153725141664,249,4021,1,728,168,182,4917,3293,0.20201715213991864,232041,76516,
4021,0.27501153725141664,168,728,3293,4917,119320,232041,427877,0.20201715213991864,155525,119320,0.08339085374986203,76516,215,33,1,249,427877,0.08339085374986203,155525,33,182,215,0.27501153725141664,249,4021,1,728,168,182,4917,3293,0.20201715213991864,232041,76516,
4021,0.21370860347044418,168,728,3293,4917,119320,232041,427877,0.20201715213991864,155525,119320,0.08339085374986203,76516,645,58,15,718,427877,0.08339085374986203,155525,58,587,645,0.21370860347044418,718,4021,15,728,168,587,4917,3293,0.20201715213991864,232041,76516,
4021,0.21370860347044418,168,728,3293,4917,119320,232041,427877,0.20201715213991864,155525,119320,0.08339085374986203,76516,645,58,15,718,427877,0.08339085374986203,155525,58,587,645,0.21370860347044418,718,4021,15,728,168,587,4917,3293,0.20201715213991864,232041,76516,
4021,0.23794766567686998,168,728,3293,4917,119320,232041,427877,0.20201715213991864,155525,119320,0.08339085374986203,76516,846,84,15,945,427877,0.08339085374986203,155525,84,762,846,0.23794766567686998,945,4021,15,728,168,762,4917,3293,0.20201715213991864,232041,76516,
4021,0.12658270809356806,168,728,3293,4917,119320,232041,427877,0.20201715213991864,155525,119320,0.08339085374986203,76516,388,178,71,637,427877,0.08339085374986203,155525,178,210,388,0.12658270809356806,637,4021,71,728,168,210,4917,3293,0.20201715213991864,232041,76516,
4021,0.12658270809356806,168,728,3293,4917,119320,232041,427877,0.20201715213991864,155525,119320,0.08339085374986203,76516,388,178,71,637,427877,0.08339085374986203,155525,178,210,388,0.12658270809356806,637,4021,71,728,168,210,4917,3293,0.20201715213991864,232041,76516,
4021,0.1447402002025893,168,728,3293,4917,119320,232041,427877,0.20201715213991864,155525,119320,0.08339085374986203,76516,592,134,21,747,427877,0.08339085374986203,155525,134,458,592,0.1447402002025893,747,4021,21,728,168,458,4917,3293,0.20201715213991864,232041,76516,
4021,0.1447402002025893,168,728,3293,4917,119320,232041,427877,0.20201715213991864,155525,119320,0.08339085374986203,76516,592,134,21,747,427877,0.08339085374986203,155525,134,458,592,0.1447402002025893,747,4021,21,728,168,458,4917,3293,0.20201715213991864,232041,76516,
4021,0.1447402002025893,168,728,3293,4917,119320,232041,427877,0.20201715213991864,155525,119320,0.08339085374986203,76516,592,134,21,747,427877,0.08339085374986203,155525,134,458,592,0.1447402002025893,747,4021,21,728,168,458,4917,3293,0.20201715213991864,232041,76516,
601,0.051188982832093256,37,189,412,827,119320,232041,427877,0.12236555096499015,155525,119320,0.08339085374986203,76516,49,0,0,49,427877,0.08339085374986203,155525,0,49,49,0.051188982832093256,49,601,0,189,37,49,827,412,0.12236555096499015,232041,76516,
601,0.16792358640487048,37,189,412,827,119320,232041,427877,0.12236555096499015,155525,119320,0.08339085374986203,76516,87,4,0,91,427877,0.08339085374986203,155525,4,83,87,0.16792358640487048,91,601,0,189,37,83,827,412,0.12236555096499015,232041,76516,
601,0.16792358640487048,37,189,412,827,119320,232041,427877,0.12236555096499015,155525,119320,0.08339085374986203,76516,87,4,0,91,427877,0.08339085374986203,155525,4,83,87,0.16792358640487048,91,601,0,189,37,83,827,412,0.12236555096499015,232041,76516,
601,0.16792358640487048,37,189,412,827,119320,232041,427877,0.12236555096499015,155525,119320,0.08339085374986203,76516,87,4,0,91,427877,0.08339085374986203,155525,4,83,87,0.16792358640487048,91,601,0,189,37,83,827,412,0.12236555096499015,232041,76516,
1561,0.19600391592721564,75,246,1315,1882,119320,232041,427877,0.16367736265256064,155525,119320,0.08339085374986203,76516,207,10,17,234,427877,0.08339085374986203,155525,10,197,207,0.19600391592721564,234,1561,17,246,75,197,1882,1315,0.16367736265256064,232041,76516,
1561,0.19600391592721564,75,246,1315,1882,119320,232041,427877,0.16367736265256064,155525,119320,0.08339085374986203,76516,207,10,17,234,427877,0.08339085374986203,155525,10,197,207,0.19600391592721564,234,1561,17,246,75,197,1882,1315,0.16367736265256064,232041,76516,
1561,0.17269997489599972,75,246,1315,1882,119320,232041,427877,0.16367736265256064,155525,119320,0.08339085374986203,76516,205,12,7,224,427877,0.08339085374986203,155525,12,193,205,0.17269997489599972,224,1561,7,246,75,193,1882,1315,0.16367736265256064,232041,76516,
1561,0.16847937626232962,75,246,1315,1882,119320,232041,427877,0.16367736265256064,155525,119320,0.08339085374986203,76516,268,115,28,411,427877,0.08339085374986203,155525,115,153,268,0.16847937626232962,411,1561,28,246,75,153,1882,1315,0.16367736265256064,232041,76516,
1561,0.06744746554191458,75,246,1315,1882,119320,232041,427877,0.16367736265256064,155525,119320,0.08339085374986203,76516,100,1,0,101,427877,0.08339085374986203,155525,1,99,100,0.06744746554191458,101,1561,0,246,75,99,1882,1315,0.16367736265256064,232041,76516,
